eval_accuracy = 0.6527272727272727
eval_loss = 2.2079658156287842
f1 = 0.6527246212090337
global_step = 13760
loss = 0.00034471696545911387
precision = 0.65669537543537
recall = 0.6527272727272727
