eval_accuracy = 0.6322432587492829
eval_loss = 1.4594656943317947
f1 = 0.6317727649486928
global_step = 8760
loss = 0.1931228600612514
precision = 0.634805021094706
recall = 0.6325826376714545
