eval_accuracy = 0.6483075157773953
eval_loss = 2.60085650745335
f1 = 0.6480605290543072
global_step = 43800
loss = 0.0018758531166538255
precision = 0.6552846109807688
recall = 0.6477831209976732
