eval_accuracy = 0.6359724612736661
eval_loss = 1.2581483152002917
f1 = 0.6367628647326085
global_step = 6570
loss = 0.4047364052640249
precision = 0.6405964457113944
recall = 0.63614956168206
