eval_accuracy = 0.6379804934021801
eval_loss = 1.672865300994674
f1 = 0.6381030322880364
global_step = 10950
loss = 0.06685441935851694
precision = 0.640502975582791
recall = 0.6377295140888678
