eval_accuracy = 0.6436363636363637
eval_loss = 1.4476467435774596
f1 = 0.6441578388042388
global_step = 3440
loss = 0.08151275521620761
precision = 0.6519329421631336
recall = 0.6436363636363637
