eval_accuracy = 0.6663636363636364
eval_loss = 1.848098321021467
f1 = 0.6676907578276462
global_step = 6880
loss = 0.002544685808378597
precision = 0.672103345990339
recall = 0.6663636363636365
