eval_accuracy = 0.6245454545454545
eval_loss = 1.188750205696493
f1 = 0.6262300446058284
global_step = 2064
loss = 0.49629841491493376
precision = 0.6301935906210867
recall = 0.6245454545454545
