eval_accuracy = 0.6494549627079748
eval_loss = 2.17676330945634
f1 = 0.6489332597946049
global_step = 21900
loss = 0.004856310083985873
precision = 0.652301805808264
recall = 0.6492920514925188
