eval_accuracy = 0.6422834193918531
eval_loss = 1.4232261336041152
f1 = 0.643662382652865
global_step = 8760
loss = 0.19233713640606023
precision = 0.6481400300952113
recall = 0.6428271354291993
