eval_accuracy = 0.6463636363636364
eval_loss = 1.3184707166923992
f1 = 0.6487190332642994
global_step = 2752
loss = 0.20453576981848062
precision = 0.6563036949683776
recall = 0.6463636363636364
