eval_accuracy = 0.7318181818181818
eval_loss = 0.8996946857027386
f1 = 0.7301790440534646
global_step = 2752
loss = 0.1705052447397002
precision = 0.7394007666345206
recall = 0.7318181818181819
