eval_accuracy = 0.7463636363636363
eval_loss = 0.9157211294640666
f1 = 0.7456233772859495
global_step = 2752
loss = 0.20227372875913632
precision = 0.7521607572602523
recall = 0.7463636363636365
