eval_accuracy = 0.7636363636363637
eval_loss = 1.2180905424166417
f1 = 0.7640485273228556
global_step = 6880
loss = 0.0021130741292307545
precision = 0.7657828066360082
recall = 0.7636363636363636
