eval_accuracy = 0.7336363636363636
eval_loss = 0.825900520319524
f1 = 0.7339762256304291
global_step = 2064
loss = 0.3911675007710623
precision = 0.7377978153922787
recall = 0.7336363636363636
