eval_accuracy = 0.5581818181818182
eval_loss = 1.240435061895329
f1 = 0.5533478046979599
global_step = 688
loss = 1.772783526327721
precision = 0.5680944910101977
recall = 0.5581818181818182
