eval_accuracy = 0.7672727272727272
eval_loss = 0.886663581798042
f1 = 0.7676310975284167
global_step = 3440
loss = 0.07143662566708964
precision = 0.7699806090849507
recall = 0.7672727272727272
