eval_accuracy = 0.7172727272727273
eval_loss = 0.8412491074506787
f1 = 0.7167099463500137
global_step = 1376
loss = 0.7592409001879914
precision = 0.7197907521478615
recall = 0.7172727272727273
