eval_accuracy = 0.6376936316695353
eval_loss = 1.4492249613918295
f1 = 0.6384071484747014
global_step = 8760
loss = 0.18577105400565008
precision = 0.6414910616989266
recall = 0.637919906958572
