eval_accuracy = 0.7463636363636363
eval_loss = 0.7955110548199087
f1 = 0.7461507181540927
global_step = 2064
loss = 0.3810469391214293
precision = 0.7484341096438623
recall = 0.7463636363636365
