eval_accuracy = 0.76
eval_loss = 0.7718295152636542
f1 = 0.7594519452954412
global_step = 2752
loss = 0.2705137754335653
precision = 0.7628857129604398
recall = 0.7599999999999999
