eval_accuracy = 0.7490909090909091
eval_loss = 0.7656580216210821
f1 = 0.7487255075732123
global_step = 2064
loss = 0.43807053423031816
precision = 0.7512110319277714
recall = 0.7490909090909091
