eval_accuracy = 0.7645454545454545
eval_loss = 0.7917143074066743
f1 = 0.7638547108606883
global_step = 2752
loss = 0.2064813352514838
precision = 0.7669437721705482
recall = 0.7645454545454545
