eval_accuracy = 0.77
eval_loss = 1.0812025430841723
f1 = 0.7699005508767812
global_step = 13750
loss = 0.05528513195297935
precision = 0.7707878951349386
recall = 0.77
