eval_accuracy = 0.7609090909090909
eval_loss = 0.8969326084074767
f1 = 0.7612534424766477
global_step = 3440
loss = 0.07995765629159503
precision = 0.7624465257533735
recall = 0.7609090909090909
