eval_accuracy = 0.7363636363636363
eval_loss = 0.817775535410729
f1 = 0.7362411708105493
global_step = 2064
loss = 0.39614967865392914
precision = 0.7396275851737109
recall = 0.7363636363636363
