eval_accuracy = 0.7572727272727273
eval_loss = 0.9605134580878244
f1 = 0.7571427088665267
global_step = 6875
loss = 0.07771475182880055
precision = 0.7582249536508474
recall = 0.7572727272727273
