eval_accuracy = 0.759090909090909
eval_loss = 1.3961538503999296
f1 = 0.7582907654355147
global_step = 44000
loss = 0.18119580485604025
precision = 0.7630370099452766
recall = 0.7590909090909093
