eval_accuracy = 0.7772727272727272
eval_loss = 0.8237546900476235
f1 = 0.7777261770189207
global_step = 3440
loss = 0.11009967079126211
precision = 0.7803661611991223
recall = 0.7772727272727273
