eval_accuracy = 0.77
eval_loss = 1.4519685152648152
f1 = 0.7699228842158727
global_step = 55000
loss = 0.09088208410956643
precision = 0.772639261176212
recall = 0.7699999999999999
