eval_accuracy = 0.76
eval_loss = 0.8086404703233553
f1 = 0.7601657114287556
global_step = 2752
loss = 0.18935948599476454
precision = 0.7628017513206877
recall = 0.7599999999999999
