eval_accuracy = 0.7645454545454545
eval_loss = 0.932843713224798
f1 = 0.7643110834651473
global_step = 3440
loss = 0.07156896937725156
precision = 0.766929259801702
recall = 0.7645454545454548
