eval_accuracy = 0.759090909090909
eval_loss = 0.8207321689612623
f1 = 0.7588541572127722
global_step = 3440
loss = 0.16260443276963954
precision = 0.7612441698073866
recall = 0.759090909090909
