eval_accuracy = 0.7472727272727273
eval_loss = 1.3362349990917288
f1 = 0.7460913704246113
global_step = 27500
loss = 0.06555758506601507
precision = 0.7493382475149087
recall = 0.7472727272727273
