eval_accuracy = 0.5881818181818181
eval_loss = 1.1473716739295186
f1 = 0.5831670997287906
global_step = 688
loss = 1.6223337918866512
precision = 0.5949410646129298
recall = 0.5881818181818183
