eval_accuracy = 0.7545454545454545
eval_loss = 0.9326633329408757
f1 = 0.7540494902658906
global_step = 3440
loss = 0.1125598669831836
precision = 0.7604662762760064
recall = 0.7545454545454546
