eval_accuracy = 0.76
eval_loss = 0.8602710664272308
f1 = 0.7601420177599305
global_step = 3440
loss = 0.11172846568271864
precision = 0.7629988722856204
recall = 0.7599999999999999
