eval_accuracy = 0.7745454545454545
eval_loss = 1.1408958020417586
f1 = 0.7744248148530719
global_step = 6880
loss = 0.004150574442085831
precision = 0.7761166656143569
recall = 0.7745454545454545
