eval_accuracy = 0.6496798292422625
eval_loss = 1.422688371082867
f1 = 0.649406157366953
global_step = 11800
loss = 0.19043634446748234
precision = 0.6523313008790069
recall = 0.6492428441250414
