accuracy : 0.7754545454545455
f1 : 0.7750445405858684
char2, char3, char4, word1, word2, word3, lemma1, lemma2, func1, func2