accuracy : 0.8272727272727273
f1 : 0.8271857450199923
char2, char3, char4, word1, word2, word3, lemma1, lemma2, func1, func2