accuracy : 0.8518181818181818
f1 : 0.8518535211531458
char2, char3, char4, word1, word2, word3, lemma1, lemma2, func1, func2