accuracy : 0.8009090909090909
f1 : 0.8009659176573248
char2, char3, char4, word1, word2, word3, lemma1, lemma2, func1, func2