accuracy : 0.8390909090909091
f1 : 0.8390698387423456
char2, char3, char4, word1, word2, word3