accuracy : 0.850909090909091
f1 : 0.850940800761629
char2, char3, char4, word1, word2, word3, lemma1, lemma2, func1, func2