accuracy : 0.5481818181818182
f1 : 0.6039932927951293
char2, char3, char4, word1, word2, word3, lemma1, lemma2, func1, func2