accuracy : 0.4572727272727273
f1 : 0.5123007228011005
char2, char3, char4, word1, word2, word3, word4, lemma1, lemma2, func1, func2