accuracy : 0.8154545454545454
f1 : 0.8153597907737367
char2, char3, char4, word1, word2, word3