accuracy : 0.7845454545454545
f1 : 0.784149174300174
char2, char3, char4, word1, word2, word3, lemma1, lemma2, func1, func2