accuracy : 0.7827272727272727
f1 : 0.7823526296181565
char2, char3, char4, word1, word2, word3, lemma1, lemma2, func1, func2