accuracy : 0.7445454545454545
f1 : 0.7444337145517735
char2, char3, char4, word1, word2, word3, lemma1, lemma2, func1, func2