accuracy : 0.8527272727272728
f1 : 0.8528105226521803
char2, char3, char4, word1, word2, word3, lemma1, lemma2, func1, func2