accuracy : 0.8454545454545455
f1 : 0.8457153555705184
char2, char3, char4, word1, word2, word3, lemma1, lemma2, func1, func2