accuracy : 0.8254545454545454
f1 : 0.8253549313696568
char2, char3, char4, word1, word2, word3, lemma1, lemma2, func1, func2