accuracy : 0.8454545454545455
f1 : 0.8458986182764455
char2, char3, char4, word1, word2, word3, lemma1, lemma2, func1, func2