accuracy : 0.8354545454545454
f1 : 0.8356789522671021
char2, char3, char4, word1, word2, word3