accuracy : 0.7936363636363636
f1 : 0.7937121725398889
char2, char3, char4, word1, word2, word3, lemma1, lemma2, func1, func2