accuracy : 0.7563636363636363
f1 : 0.7552645093168021
char2, char3, char4, word1, word2, word3, lemma1, lemma2, func1, func2