accuracy : 0.8381818181818181
f1 : 0.8381370863310758
char2, char3, char4, word1, word2, word3, lemma1, lemma2, func1, func2