accuracy : 0.8436363636363636
f1 : 0.8435612307452304
char2, char3, char4, word1, word2, word3, lemma1, lemma2, func1, func2