accuracy : 0.7881818181818182
f1 : 0.7881453460471541
char2, char3, char4, word1, word2, word3, lemma1, lemma2, func1, func2