accuracy : 0.730909090909091
f1 : 0.7331728159195834
char2, char3, char4, word1, word2, word3