eval_accuracy = 0.5001355713632076
eval_loss = 2.6883898692530392
f1 = 0.497520897805583
global_step = 19762.884
loss = 0.8298771690165438
precision = 0.497740304791016
recall = 0.49730168416681686
