eval_accuracy = 0.453884778012685
eval_loss = 2.4009877879637243
f1 = 0.44717065236723125
global_step = 17808
loss = 0.7612539205636565
precision = 0.45025713642391174
recall = 0.448123375529166
