eval_accuracy = 0.44102369187888
eval_loss = 2.5546992758728693
f1 = 0.43668834865911493
global_step = 17724
loss = 0.7187136268742169
precision = 0.4402881472337783
recall = 0.4397110693862474
