eval_accuracy = 0.4502784407319014
eval_loss = 2.413788776540554
f1 = 0.4464361055175811
global_step = 17812
loss = 0.7471861909500219
precision = 0.45154078545375237
recall = 0.45063314935250487
