eval_accuracy = 0.4527316550615961
eval_loss = 2.3873927679064444
f1 = 0.4474044310398773
global_step = 17832
loss = 0.7456071566390906
precision = 0.45233345522133656
recall = 0.4467952927538927
