eval_accuracy = 0.46106890938686923
eval_loss = 2.3715210838522154
f1 = 0.4600471787946539
global_step = 17856
loss = 0.7507231458988187
precision = 0.46292494460921363
recall = 0.4649189569313182
