eval_accuracy = 0.44450147568330556
eval_loss = 2.4473108937801458
f1 = 0.4351262238099995
global_step = 17752
loss = 0.7516216054800503
precision = 0.43728961856379556
recall = 0.4380836699418554
