eval_accuracy = 0.4454261247791219
eval_loss = 2.467011491873342
f1 = 0.44426299858504875
global_step = 17860
loss = 0.7520367147574099
precision = 0.44609940533281645
recall = 0.44830128613852877
