eval_accuracy = 0.446919178447586
eval_loss = 2.364945305562985
f1 = 0.4423132770599284
global_step = 17824
loss = 0.758659019855585
precision = 0.44375879064941337
recall = 0.44375694345141
