eval_accuracy = 0.46714936980423705
eval_loss = 2.3444776051744642
f1 = 0.45532713153257237
global_step = 17836
loss = 0.7641622648127653
precision = 0.4571252110289429
recall = 0.4570200580378455
