eval_accuracy = 0.44274224435082343
eval_loss = 2.4675935633024393
f1 = 0.439855755930806
global_step = 17740
loss = 0.7264072462093198
precision = 0.4425293954921925
recall = 0.4428515513314366
