eval_accuracy = 0.6629697435575839
eval_loss = 1.305842967148346
f1 = 0.6612450279461108
global_step = 3424.8
loss = 0.8694486981499778
precision = 0.6621481385672073
recall = 0.660344377493199
