eval_accuracy = 0.6675257731958762
eval_loss = 1.294200355133402
f1 = 0.6624312483445568
global_step = 3426
loss = 0.873727004433576
precision = 0.6677469854727495
recall = 0.66445333424328
