eval_accuracy = 0.6435253569670113
eval_loss = 1.4227711747246465
f1 = 0.6364424202128557
global_step = 3408
loss = 0.8560786888685444
precision = 0.6411323686576909
recall = 0.6412362073974268
