eval_accuracy = 0.6664935064935065
eval_loss = 1.310464847879291
f1 = 0.6628992722908781
global_step = 3429
loss = 0.8621363176761336
precision = 0.6674566821265653
recall = 0.6654137214758898
