eval_accuracy = 0.6528264132066033
eval_loss = 1.3237394532561302
f1 = 0.6477810502473403
global_step = 3414
loss = 0.859951462760332
precision = 0.6536176724248922
recall = 0.6503344845631729
