eval_accuracy = 0.6448224112056028
eval_loss = 1.3956361026763917
f1 = 0.6395785313851234
global_step = 3414
loss = 0.8751098457560179
precision = 0.6432081379154337
recall = 0.6425053179538892
