eval_accuracy = 0.7030752916224814
eval_loss = 1.1619012230786228
f1 = 0.7007871724372623
global_step = 3435
loss = 0.8765062869115687
precision = 0.7043039782748821
recall = 0.7038542287552856
