eval_accuracy = 0.6706618030224075
eval_loss = 1.2378713158269723
f1 = 0.6586058855956919
global_step = 3429
loss = 0.8749404835627982
precision = 0.6640313995242958
recall = 0.6587504109794715
