eval_accuracy = 0.6583979328165375
eval_loss = 1.2868944975462826
f1 = 0.6553768453276555
global_step = 3426
loss = 0.8773517194098015
precision = 0.6583759386230897
recall = 0.657860767376011
