eval_accuracy = 0.6663179916317992
eval_loss = 1.2968025736230189
f1 = 0.6586708939660396
global_step = 3432
loss = 0.876765923418261
precision = 0.6644585904350606
recall = 0.6601557539723913
