eval_accuracy = 0.6560509554140127
eval_loss = 1.3281481277387022
f1 = 0.6530595339237378
global_step = 3435
loss = 0.8619192487027447
precision = 0.657149632217413
recall = 0.6588795482151716
