eval_accuracy = 0.38545454545454544
eval_loss = 1.825914354428001
global_step = 344
loss = 2.1157812867746797
