eval_accuracy = 0.32181818181818184
eval_loss = 1.8805192251136338
global_step = 344
loss = 2.1002255220745885
