eval_accuracy = 0.40006551554717185
eval_loss = 2.5272025123247
f1 = 0.4110233881613718
global_step = 5108.5
loss = 0.3877789350530388
precision = 0.42377354815697343
recall = 0.39901805176585114
