eval_accuracy = 0.40194859425584817
eval_loss = 2.5057763525927546
f1 = 0.4118366809749691
global_step = 5106.5
loss = 0.39249129660886595
precision = 0.42352378277051256
recall = 0.4007772672875278
