eval_accuracy = 0.4136430995745495
eval_loss = 2.455155918429504
f1 = 0.41690763056362706
global_step = 5120
loss = 0.4044016983680194
precision = 0.43674228473829124
recall = 0.41121586607699234
