eval_accuracy = 0.39289358938677055
eval_loss = 2.5107461738453725
f1 = 0.3992459666044061
global_step = 5095
loss = 0.3877454526992963
precision = 0.4173732254760953
recall = 0.39394786382605423
