eval_accuracy = 0.40543922984356195
eval_loss = 2.46022259832163
f1 = 0.4116231414597882
global_step = 5130
loss = 0.39740867556942366
precision = 0.4337795191702645
recall = 0.4057215492117855
