eval_accuracy = 0.3895887806037556
eval_loss = 2.595346507781359
f1 = 0.39416896645868743
global_step = 5115
loss = 0.3964374009756515
precision = 0.4206696711435992
recall = 0.38681842049879495
