eval_accuracy = 0.4152575128031694
eval_loss = 2.4673592661618264
f1 = 0.4201727098337052
global_step = 5070
loss = 0.38107672520349245
precision = 0.4420181986653825
recall = 0.4161060649959797
