eval_accuracy = 0.3885207608332936
eval_loss = 2.618078498714442
f1 = 0.39123973351648544
global_step = 5070
loss = 0.3666209032285143
precision = 0.41201524281879537
recall = 0.38848638022156246
