eval_accuracy = 0.39471767733165025
eval_loss = 2.506026640042518
f1 = 0.39932098786465314
global_step = 5120
loss = 0.4215345442498801
precision = 0.4154506540115808
recall = 0.394193496141482
