eval_accuracy = 0.4114314899939639
eval_loss = 2.459722661192958
f1 = 0.41004494663713037
global_step = 5065
loss = 0.3826723865730741
precision = 0.42253249071167015
recall = 0.40918794095245536
