eval_accuracy = 0.40522624651743683
eval_loss = 2.4504256860320495
f1 = 0.4070281580731062
global_step = 5170
loss = 0.4143406774711793
precision = 0.42688790833434054
recall = 0.40353969342390067
