eval_accuracy = 0.39180062779415964
eval_loss = 2.5612692496721263
f1 = 0.3941125511807656
global_step = 5070
loss = 0.3759564280774466
precision = 0.4142445458638449
recall = 0.3902265450766712
