eval_accuracy = 0.4059643615547964
eval_loss = 2.500075878077455
f1 = 0.4115606743118493
global_step = 5105
loss = 0.39300027762582557
precision = 0.43187192859760826
recall = 0.40523430555933165
