eval_accuracy = 0.39411877028833303
eval_loss = 2.5259039193653523
f1 = 0.3981009660259131
global_step = 5125
loss = 0.39071652137651675
precision = 0.41702523789973
recall = 0.39402199509575586
