eval_accuracy = 0.3981649575585104
eval_loss = 2.3762437703359867
f1 = 0.40516101896775825
global_step = 5125
loss = 0.7293489231714388
precision = 0.4488842069891565
recall = 0.39384304890609656
