eval_accuracy = 0.3900404936367142
eval_loss = 2.5668166549887106
f1 = 0.39246291900146757
global_step = 5105
loss = 0.3808714759104633
precision = 0.4099990109237353
recall = 0.38956959224763066
