eval_accuracy = 0.3823695080736012
eval_loss = 2.638107050564161
f1 = 0.3873025947036239
global_step = 5170
loss = 0.3711370215454
precision = 0.40977511255512544
recall = 0.38192142724066697
