eval_accuracy = 0.39582064377079135
eval_loss = 2.3538084592742807
f1 = 0.4058184740128365
global_step = 5090
loss = 0.6942060364882346
precision = 0.45795994664842593
recall = 0.3950498897660328
