eval_accuracy = 0.40823859441901666
eval_loss = 2.4962115636608733
f1 = 0.41290803076733973
global_step = 5095
loss = 0.39625447096487726
precision = 0.43196841414961645
recall = 0.4062573339194106
