eval_accuracy = 0.4153081510934394
eval_loss = 2.45243994302707
f1 = 0.4146490984539643
global_step = 5130
loss = 0.36903595615025847
precision = 0.43258796193547294
recall = 0.4146536268639683
