eval_accuracy = 0.4075455661535556
eval_loss = 2.562008017645952
f1 = 0.4117917690563274
global_step = 5085
loss = 0.3896819880981302
precision = 0.4376350814687388
recall = 0.4055833469569714
