eval_accuracy = 0.4190420503824977
eval_loss = 2.4238983902119142
f1 = 0.4188759275412709
global_step = 5065
loss = 0.3994652209077159
precision = 0.4298005670520613
recall = 0.4172230695996674
