eval_accuracy = 0.40346820809248557
eval_loss = 2.491943723891349
f1 = 0.4068951707670861
global_step = 5125
loss = 0.39648081128190205
precision = 0.4222666444205034
recall = 0.4021351214718254
