eval_accuracy = 0.38552637965344855
eval_loss = 2.588030307547924
f1 = 0.3881881514691589
global_step = 5120
loss = 0.3878636803419795
precision = 0.40832960933840357
recall = 0.38190955115288366
