eval_accuracy = 0.663798049340218
eval_loss = 1.4841398987064667
f1 = 0.6637804535063326
global_step = 8760
loss = 0.08690460370555861
precision = 0.6670929977594737
recall = 0.6637614905335222
