ARA,CHI,FRE,GER,HIN,ITA,JPN,KOR,SPA,TEL,TUR,guid
1.7779925355979725e-05,5.732521797684642e-10,0.9554098118507707,8.176988546824911e-08,0.001962164669946601,9.964999427014761e-05,0.00025014560744896484,0.04194636006708042,6.810504615564981e-07,5.266170739581978e-10,0.00031332396491092266,04337
5.90402306764938e-06,1.3248057508223733e-13,0.9644726430967386,1.085111661558621e-10,2.0991308325064204e-07,0.0006376102853061276,0.016733913718494784,0.016433554567732767,2.7528330432000272e-08,2.1511736129822747e-06,0.0017139855849899856,00223
1.1510903300566072e-07,0.0018591380485371207,2.062571026045061e-09,7.972622905935645e-14,4.1523188843810663e-07,2.644413740295766e-05,0.9981137667707137,4.299331315350104e-08,1.0936557829767158e-08,5.33361087091224e-08,1.1373794207645353e-08,07858
7.59926934731184e-07,5.120389037475078e-09,1.5211056861128533e-10,6.822143425489346e-11,1.6469199765238753e-14,1.9616723397464715e-07,1.237249594799559e-12,4.4148660617937257e-13,1.9185374116745142e-10,2.740980691602785e-13,0.9999990383712872,01504
0.002031715441182628,9.734497023492485e-10,5.427368284713675e-13,0.00028289349899725686,4.229477620578282e-12,1.727382264121956e-08,2.2084621795278112e-09,5.885142418078895e-07,0.00023682168662112808,7.779644297929078e-07,0.9974471824340205,01960
6.047876965619738e-08,9.928820188191455e-05,0.029984445126645814,8.506167487825735e-09,2.6142759569863127e-12,0.9669644573646082,9.870787886970888e-07,2.2009905211544494e-05,0.002928354947347803,7.613684252623895e-19,3.883879643767648e-07,01232
0.9704059802812972,1.889914273620035e-09,3.4109888026193516e-06,3.7998336662120326e-06,8.453952914978125e-14,1.8817479410002792e-07,2.0113597928571104e-13,0.029580248786791635,6.360395990555789e-06,1.915619389425823e-09,7.732838260416763e-09,04198
5.8679508186660455e-05,0.9997188963592524,5.466546362353183e-10,4.377411216703262e-13,4.731030149381137e-16,1.3801196880537089e-15,6.513565206226844e-07,0.00011975679381849119,7.591062938087728e-12,4.426295684854273e-18,0.00010201542753655145,07772
4.3454166081241974e-05,1.7913406085546613e-10,5.5659629773870706e-09,2.3174992653389766e-05,1.6576612892892502e-12,0.0002897299110362254,0.0003309040212319048,2.23895524799665e-06,2.579803121449102e-07,1.3279598447028721e-12,0.9993102342253545,04010
9.072551666012107e-15,3.4640799735862718e-15,2.569814722085802e-17,9.797400181814372e-17,0.0029352025166770692,1.8279230337891164e-15,1.5894426601513674e-13,9.101406237537225e-19,8.149691934822745e-14,0.9970647974829608,1.0705030377930248e-13,04199
4.009082370932163e-06,0.9999947223198818,6.889760313750374e-13,1.0669459701259971e-17,1.056783825018057e-17,8.426205188995784e-14,6.182913951403496e-07,1.788242555780246e-07,7.176475537934515e-11,3.478212391028368e-10,4.710617375773686e-07,06879
5.091043107238579e-07,1.87840927378087e-09,0.03198569275741923,1.7956668784615016e-13,4.846281482420211e-05,2.0605127808114657e-11,2.030527229333843e-14,1.6108849272891393e-09,4.7271601051518966e-06,2.5695077821772516e-11,0.9679606046275463,08516
1.4102959179653209e-12,0.006034825429114471,2.0812598093660194e-13,2.5952938223121553e-16,0.0005442162286558068,4.622843215065758e-15,3.4983543817501836e-10,0.002394784489822064,1.111005342771632e-09,0.9910261272754817,4.5114462058151715e-08,01871
2.0257456927526017e-10,3.9760796636375786e-10,1.3380735593129595e-12,2.0663906630017316e-14,1.1626070775756623e-14,1.2026576581798784e-08,0.014301795473873192,0.985695657450364,1.598446740530139e-11,2.534399963262394e-06,3.1685745271913075e-11,06941
0.9999905946301814,6.550304491421404e-21,9.404956271304941e-06,4.0253995937711894e-13,3.913301139964218e-14,3.526645509232987e-10,2.0977344848342707e-13,9.859155627326736e-15,8.466995947325551e-17,4.0996510724628813e-13,5.981163466423934e-11,10492
4.008206791317688e-12,1.142952299517163e-10,3.020656929065425e-10,5.548833896109709e-08,0.9999662022992243,8.02962594571389e-10,8.806622236826954e-16,4.693085208178368e-12,1.474617023992068e-06,3.210383233917215e-05,1.6253504827635753e-07,02650
5.020150710280452e-07,4.2217673323338826e-20,0.00040404005163765253,0.031492231531264236,1.9203005742192108e-05,6.900925210708434e-07,3.5854959424070656e-11,1.874166879270902e-13,0.9679428614061497,1.4009507242465664e-07,0.00014033176649924244,04325
0.010401712527487783,2.3661641930025054e-09,8.175832495656297e-10,1.3798001110586015e-14,0.9716172119349132,1.6010734733882725e-09,2.5865964494837053e-07,0.0024317660819927205,4.6313056465881226e-11,0.015549039808485272,6.156328213720185e-09,02135
3.2533631289835927e-12,5.201312132237356e-05,1.6967668952929234e-17,2.733413443843187e-13,1.2595634768525866e-20,6.463216186212414e-13,0.9999472354425448,5.834212930484395e-07,2.550559720737249e-13,2.4481045326572757e-19,1.6801041147260769e-07,00980
9.178801159731158e-06,3.458278655752122e-14,3.6574971380913645e-06,3.5074346950849147e-09,5.098484889501643e-08,0.9999636076416097,1.2211188433109637e-13,8.409703393510716e-08,1.1297468928641482e-05,1.1213063030033342e-05,9.069386596093412e-07,04436
0.005093793398585489,1.7337221775658008e-15,0.009149563823796813,4.949046897312008e-08,4.118039664542854e-11,5.72663655012072e-13,0.0009692260486169361,3.82602743325412e-10,0.0002702928016291558,1.6140173787543411e-06,0.9845154599951662,02127
0.9569909595697017,3.176090474049392e-10,3.2973098966577326e-08,3.894869549436808e-14,0.033855024502558805,3.1492349098448808e-15,4.0149232350102744e-08,4.3404028976388975e-10,6.079857361202949e-09,0.009151953451429386,1.9825224301723237e-06,03221
0.9242915300766245,4.810465827399017e-12,0.02877824552598504,0.011085888616344184,0.0010682883670312651,0.01303538621560272,1.1829174993348877e-05,3.42784622585492e-08,0.018304761792033525,4.921076376597756e-05,0.003374825184346918,03082
9.151029662460672e-10,2.4784938030261764e-06,1.2044710746722023e-15,1.0588298763024608e-11,1.1064727262295777e-07,2.106179384961426e-11,0.9942465438269307,2.0876437454695282e-05,1.5633252566859127e-14,0.005729982329488263,7.318280680136049e-09,05269
2.1107818155871254e-10,0.001752267607112613,0.9912621649565961,2.459198049370404e-13,1.63611105629341e-09,0.005860401885143719,0.0005820823043770866,3.5983534721309405e-08,6.506626368323756e-05,1.3154278829231806e-05,0.0004648248732880411,11438
2.050698951273854e-09,2.802458621421192e-14,1.5389305235469632e-14,1.0001796037963942e-21,0.018277652237321015,4.166359965696962e-21,2.099344979604767e-08,2.1097492543800304e-13,5.260009192441045e-19,0.9817222987611506,2.5957125415128034e-08,02886
3.4912774414948154e-13,0.9999975084968237,2.535104318303328e-12,7.048167284598872e-18,3.0026409393780803e-16,1.2320696360867403e-12,7.897309832288155e-09,1.6946732913307176e-09,1.2065602230697369e-12,2.8104863472178504e-13,2.4819055890314844e-06,05665
5.458351685099381e-12,4.6987074136656014e-08,2.8368398290466727e-12,5.0028763661039504e-18,9.005838760464892e-15,1.2454210841050826e-13,4.6606978547641374e-07,0.9999994869322105,1.4074970089538726e-14,3.5262134126733013e-20,2.4873000792775026e-12,12722
1.5835220299562543e-07,5.462360816431984e-14,2.973351245333586e-07,1.687491143164667e-12,2.61677065984445e-05,2.2879642778182392e-09,7.578209971768499e-14,2.096840438019466e-12,6.363707332655673e-10,0.9999710632587314,2.310419092821374e-06,08767
5.584976940515646e-07,0.9712402215518606,1.040171596102144e-09,0.0237477988903124,1.544547310829486e-06,7.579943795470874e-09,0.004979389461784299,9.889465239270001e-07,1.0582896394253124e-08,2.9478386640630822e-05,5.148613716788465e-10,04401
5.027688957050686e-10,5.093086283165285e-16,7.387796303112548e-07,2.529369214632144e-16,4.1876140532151697e-14,0.9999992465102825,1.0840779293476174e-14,9.572106159711403e-17,5.4780273059259335e-15,1.2847621081809284e-22,1.4207259182049128e-08,09646
2.748500355652545e-12,2.6717247773319833e-06,4.762186365955995e-11,4.059480924691523e-11,1.4909323918439232e-17,5.282078151848974e-10,0.9998820686812764,0.00011525790921482762,1.0497671431756343e-09,1.759024198071378e-18,1.579135011687325e-11,13015
1.9145317503388734e-05,0.01059158259184549,3.4897035328417023e-09,2.4679427880654467e-13,5.173551696311296e-19,3.3964713866280127e-11,0.0019471238308162377,0.9874421271458663,3.165366915868153e-14,1.6889562209551232e-21,1.7590021728825116e-08,06121
3.87449994494028e-06,1.6043524939040247e-05,3.6833280998278726e-08,2.0176890883111823e-07,1.793767632659793e-10,4.89983997683568e-08,0.9698923689968799,0.030087417952823874,1.3429795175272134e-09,1.1204920574444414e-09,4.7819742338205824e-09,03962
0.002494273953639352,0.0004859881581317092,1.577901980214877e-09,5.880085661655365e-16,1.8083509763161665e-08,2.0305057545093832e-16,9.231970625764268e-07,0.9956349625427976,0.0013767443052934783,1.0089696365200394e-10,7.088080765839858e-06,10442
1.3381704950998933e-07,1.8390114949550593e-09,0.001442526246211742,1.3669769321562423e-08,8.275970813388145e-09,5.245215377042576e-09,2.200764831783322e-05,0.9980067783052774,2.139873957467953e-05,0.0005071250652311232,1.148370729214998e-09,03758
6.020833244255695e-05,5.383376943637407e-15,2.5532681293471873e-10,0.00040490587106232253,8.27188470367904e-09,0.9993998266495687,6.45605214215145e-14,2.7761965383192583e-14,1.2357955245832e-07,8.03469649082765e-16,0.00013492704006376125,03655
0.0006931405531627491,1.0223351652499186e-12,0.0005752175865540185,3.343703748111497e-06,0.9973131530483992,3.48499805370753e-06,6.698392941868728e-20,5.497662274904762e-12,0.0012145103800413738,0.00019291243140467798,4.2372921159827034e-06,02615
2.836005954629406e-14,2.848874916974919e-11,2.5405404331271524e-06,1.3300778227110743e-17,2.0645254344525362e-12,0.9999974591728659,1.003762491764028e-12,1.369913037669657e-12,2.413752801043063e-10,2.922819147500587e-15,1.2367583497764754e-11,10978
0.00011290051561107216,7.428495684078639e-15,0.9922364201760571,1.0495799772786053e-05,2.9409052361345006e-07,0.0006344747409398533,2.0368721279482428e-21,4.990612001533341e-12,0.00038151731287517894,2.067172557031573e-05,0.006603225633652266,03520
1.8270156928504348e-06,0.0018724217264078882,3.2574612121484375e-06,4.957664080641038e-10,5.905540330270419e-11,1.294717692673061e-06,1.3048814358184516e-06,0.00042866128549329203,0.9975555307307833,1.109425710706113e-11,0.00013570161536594075,01980
0.015720020940953257,2.736124738688404e-10,4.453637379809008e-06,0.0008833805398150704,2.9212000209609615e-11,3.304807887559809e-07,0.9609268174158292,0.022456549849104123,1.4345310866854725e-09,3.694591596624201e-12,8.445395079497286e-06,07908
2.0203669131745867e-07,9.228445095760047e-08,5.339216800469487e-06,8.861915073988293e-07,0.033367154039722416,7.330696705516254e-05,1.4123423736118763e-11,0.001153473352451272,6.097292130532192e-08,0.9653991865352103,2.9838906584252854e-07,11257
1.942895243698988e-07,1.3389023732604262e-13,6.870284416527304e-07,0.9828876345294306,1.2284097300066658e-08,2.1501828145844486e-14,0.01134647455194439,0.0057483697558403995,4.671649168634277e-07,1.3667252102213244e-08,1.614672839700114e-05,02294
7.788180373254228e-05,1.3348170813416214e-06,0.0002574355946892307,9.509319081237435e-07,0.0009880883513756213,0.004122593473799455,5.04257737110692e-05,3.8048954529436995e-06,0.9944894380378491,1.7421128018120219e-10,8.046146189547296e-06,04813
1.3871133244040972e-07,1.07249191750889e-06,7.384948182406615e-21,2.20954094648094e-13,0.9914320490700926,1.3412584759282326e-08,0.002030862433887121,2.894951991270013e-07,1.9533557994521602e-08,0.006535492429862739,6.242134489299533e-08,06837
0.9542901966321672,9.675702173667004e-13,2.6661036140136552e-05,0.00433356477886337,3.585095134250261e-07,0.029191807502662138,1.0439364273593351e-09,4.108933845096263e-11,0.010899150326180633,3.852463983293976e-07,0.001257874882081635,06240
3.099281928542875e-15,0.999999935724481,2.489482290710705e-16,2.755505469546479e-13,2.4886563190015096e-14,4.239973645251189e-17,6.339183198421993e-20,3.7330515500633964e-13,9.056031315940442e-17,1.5635876112072746e-19,6.427484189738268e-08,09604
0.0010535036135548084,1.6545102343881862e-07,5.944532471746812e-06,2.33823990794643e-08,0.9973733229208256,2.0238562052440542e-15,0.0012855482300197971,9.180460393556054e-05,7.811858593023136e-09,2.16853790043254e-06,0.00018751091600902948,04090
0.9999931104303004,1.4310600673398817e-06,4.320936138961079e-06,3.769497792007949e-08,3.954188697731915e-08,6.06889603162221e-14,1.0142076949950027e-06,4.4227813650073746e-08,5.464610539646909e-10,1.0242217832759852e-09,3.3037609383468013e-10,00412
1.2224846796179953e-07,6.570020207419427e-07,5.387184246437559e-13,1.0470567733207723e-08,0.015464633012517298,2.8521678371246247e-11,3.8408863495486346e-11,2.9064223981808614e-06,7.739557937885815e-12,0.9845316707687494,7.002220877407508e-14,03779
2.7102904808361006e-06,8.511477586237029e-11,0.9999972782390528,1.6805401231589986e-12,3.708065679897992e-15,1.2130404798821596e-12,4.685585834555739e-14,7.395404363661324e-09,3.200117500656501e-10,2.7025760139916448e-11,3.6399649965918495e-09,10991
0.9783602035184799,4.5715517592565296e-10,2.310218388613473e-05,1.6326556692015077e-06,4.422987088680108e-12,0.00039409449470976507,7.59902500194927e-09,0.005606210754964864,7.729932535818527e-09,1.7877486511839064e-10,0.01561474042297965,10403
1.5746598615973958e-09,1.6751045430964255e-06,0.03176533251503762,0.025664039263698236,0.00023050776979567536,5.54400987356467e-06,4.889755150534045e-07,7.478834310361967e-06,0.9421878432126726,7.936006592037937e-11,0.0001370886605339609,10224
6.653887466517067e-14,2.3178736158230913e-08,1.3160536634744697e-05,4.595386850681286e-09,0.9995374980966201,2.1923307801017066e-09,8.231064634051804e-12,2.444156437400385e-11,2.622156607129734e-10,0.00044931063238603906,4.729502074259043e-10,09143
3.817373866861991e-05,7.229474846980948e-08,0.012407111691742127,6.609923632110927e-12,3.250643207173398e-05,1.0852722595935054e-10,0.9795522311002258,0.003827174382201865,2.80504081908149e-11,3.471479147483141e-07,0.004142383069239444,07986
7.147332463337043e-14,8.958428992765502e-14,3.741261385559885e-10,6.925177883445721e-13,1.1636256173589096e-14,9.910327462663245e-11,3.278926837195788e-06,0.999996710148896,4.831154710340502e-09,4.691096204696845e-11,5.572106612375519e-09,12665
8.482418310191737e-07,0.9848492147939584,1.6624149642592573e-05,0.003177252355183575,8.649432407837974e-11,0.004844537394697988,0.0004698460958236952,0.006641642831061667,2.7742753697397443e-08,1.827909903995675e-17,6.308552967216603e-09,13163
1.4907024492219545e-05,0.0031301611523937307,0.9851685675537907,1.2955867191739237e-07,0.0031887357508340714,4.7548198984522e-13,1.0192613166281134e-17,3.0278153814633256e-09,0.008465214047564564,3.1222412291503615e-12,3.2281880839506286e-05,04446
3.327067650801253e-10,9.094694014477397e-15,2.5108167087155653e-08,5.887621054992322e-06,1.6642693562271724e-13,4.2419517850718705e-07,0.9999932778771423,3.61120093816133e-07,8.183680181331385e-09,1.0397533827870758e-16,1.5561800982030074e-08,12756
3.694741348874514e-05,0.003057135523024752,8.586118805980445e-11,0.00013894377083714166,0.025096167722581927,0.010255880663199074,2.615571428720091e-07,0.9392885512522611,2.2484404883829367e-08,0.015909084197704898,0.0062170053294933495,04225
4.114092547458059e-08,2.362018484505078e-08,0.9923603190426555,0.007436502183011245,2.1301992555215027e-09,4.084021718520812e-05,1.7071169694561355e-12,5.0800428998560525e-06,0.00015719147718744358,8.717212228014044e-13,1.4317239217025315e-10,10079
0.00228100470126565,0.9721817798272668,6.886945912645517e-16,1.6697078207414042e-10,3.8795509475195496e-07,2.041957025770798e-11,0.0036624960215504375,0.01854199002289547,0.0031526191649258717,1.487179689434681e-10,0.00017972197089166287,00072
0.9999996259439952,1.847131425898698e-12,1.5090503786318455e-09,7.870856312151811e-11,2.9369600648381052e-12,1.844322372299619e-15,3.4331264404338083e-18,4.4858190416949745e-10,3.711560264866088e-07,8.514994658062721e-10,7.352040191226157e-12,12609
0.9286630562200452,7.061494993789685e-07,0.0232916174155166,3.3201068982681503e-12,9.294345106716459e-07,8.621859870386664e-10,4.8994633720343145e-12,9.692251045799896e-16,0.03203156453222124,1.9495344197130015e-08,0.016012105882456214,08241
7.621308363219295e-16,2.0875290915665673e-26,5.179071465149243e-12,1.5315843264888423e-07,1.3203871773301706e-21,0.9999998467850376,3.0074077655219945e-15,4.748383500405543e-22,5.1346731055519796e-11,6.952697726391495e-27,2.3031469624085344e-18,04987
9.549145360343645e-10,0.9748042612075966,8.812236969885407e-11,2.919491840357242e-14,3.6238589336197164e-11,1.2299474682044993e-13,8.47067785388085e-16,4.1957455367610075e-08,2.042230922875247e-10,6.8210061699964674e-09,0.025195688730290045,07806
0.9999971866335924,1.547884923775239e-13,9.305847785050653e-09,7.033546505756077e-20,2.8379005486479512e-12,9.609834468396084e-10,1.353728514961921e-12,4.927929440818487e-11,8.390724678294361e-10,4.303413694342071e-12,2.8022025746168224e-06,10116
9.936670816155133e-08,7.715025188232759e-12,8.274131383572353e-11,4.6669443810524687e-07,0.010544246974898109,2.290347277158384e-16,7.421353161262444e-08,1.5484439173182124e-07,2.157271937560421e-09,0.9894549348444307,2.081387310895241e-08,06000
1.7406110500805725e-06,0.02426605104766897,3.9336040083299604e-08,0.00011450373407892767,0.010181908594533596,5.52150805790181e-06,0.019091794388922275,0.9459862121967991,1.8766620229831588e-06,1.9549387793516735e-05,0.00033080253303243123,12869
9.821461471319177e-06,1.0000097441358428e-06,1.3406070109908313e-07,8.0497061076116e-10,0.0006252682289309626,2.4310352689685366e-11,9.47113592819163e-09,0.01574987393601785,2.19699757764745e-05,0.00023877610214975567,0.9833531459247916,07636
0.00013349069800669639,1.8021350941674272e-06,1.2897650869523857e-11,8.691293104863276e-14,0.9784527882833111,1.2586130358336892e-12,8.290224248161012e-09,6.947434312114051e-07,6.104304517778934e-11,0.021411215723410423,5.123572154530747e-11,02709
0.024416269935994016,1.1948011367405045e-08,0.9699036833463234,8.79925886769604e-12,0.005659386748520077,9.589537670649338e-11,7.643414748622298e-11,5.501116572257721e-12,2.0613579624607412e-05,7.701854911500609e-11,3.41778781583515e-08,03447
3.0497758491900682e-06,2.464553593691858e-10,0.9922060110566316,6.130785005323453e-15,3.200186582146023e-09,0.007771553579171421,1.998137302872702e-11,1.9777523428212165e-15,5.59002488059326e-07,1.6194124533921924e-12,1.8823117608990058e-05,03270
2.4698533916368573e-06,1.7521665509211326e-06,8.87414905442779e-14,2.247358892191912e-15,0.9916380227793314,4.515804606227257e-10,1.4497060936566714e-06,0.003915694131564916,5.9106802698429294e-09,0.00443984632167691,7.586790388211649e-07,07559
4.084908581161683e-08,1.8546105579617218e-16,5.169475548128062e-12,4.208772030553085e-13,0.012587435537772985,6.033366693345221e-13,3.1042016972378634e-11,2.0010059848719037e-07,4.551853435622544e-14,0.9874123232998409,1.754204589134369e-10,06623
4.965669915650218e-11,7.3233188722394855e-06,5.0038847541561695e-08,1.838470907233905e-14,7.704886775214383e-16,5.581028991092509e-12,0.9999811925219084,8.704507369121299e-06,3.752802064782763e-09,1.2770383280115718e-23,2.7258049437973473e-06,01530
3.6097873969520883e-07,3.776201612744004e-06,1.454335991403367e-10,1.1640200497018244e-26,2.936535444268175e-06,1.873999772591547e-14,0.0008777953571059932,8.31309091333626e-09,2.493971447179542e-07,0.9991146599603921,2.1311101737054543e-07,10367
1.177289708105486e-06,8.546779175098865e-14,0.00010811875808188208,2.451870076479759e-07,2.390635413442076e-12,1.5327151118157607e-05,0.0013919768794789194,0.00809793142912187,0.990385221523023,2.911077704703293e-18,1.7799844467710172e-09,03025
1.6597771029417013e-05,3.568412673272205e-05,0.00013059240996251832,1.7296205089253867e-08,5.484958289002625e-13,0.97066306156004,0.0012887238869316758,0.027402967869744166,0.0004623082023504398,4.784099041384365e-12,4.687167161146214e-08,09362
6.414524639633299e-10,2.9978666624751727e-15,0.032100924263861845,3.6340443708522995e-08,2.79727862701156e-14,0.0005403768687856543,1.6038010382956072e-09,6.067210933970472e-16,0.9673586597254885,1.1991034327961106e-10,4.3622499691923386e-10,13192
0.012672425385046796,0.9753333941296101,0.0001592307008907064,5.886350390403723e-06,2.4087804854277627e-08,1.59311911791994e-07,0.004140315795144385,0.0014625702986469492,0.0062240971529818195,4.731554903192408e-13,1.8967870989523886e-06,12916
2.8290554166202968e-09,8.814950666413349e-17,1.021612602362406e-11,4.21986491029099e-10,2.8138949610002372e-08,6.641681074051729e-12,1.5421246479090316e-17,2.637658353024704e-10,2.4198493320158044e-14,8.51662277167035e-19,0.9999999683293604,04099
0.9995141292569006,1.270760235843591e-10,0.00048541744846507115,2.3669671110135655e-14,7.90175159201613e-13,1.957629572374475e-16,2.570128464811456e-15,2.1683594675645732e-13,4.496258659148203e-07,5.047726599634134e-13,3.540154020513873e-09,06725
0.0001195118821877868,2.6591129569233462e-08,0.0002616210664320049,5.464845429162246e-10,0.00034672674200440605,0.9928511333487228,0.00018122228234127632,0.002262513863105961,0.0006174035852321509,5.661078159257327e-07,0.003359273984543836,04149
0.0008282857818094623,0.00991059477970385,5.814085253709681e-13,5.572253059592184e-08,0.0071805832021006755,2.7449616386870594e-15,2.677375912872476e-05,4.859318636946761e-12,0.9820436641928644,5.245194506070703e-09,1.0037311224406715e-05,03735
2.718330034931339e-06,2.3721472489230086e-15,1.1175548685950642e-12,0.9897931670022159,2.167586040919836e-14,0.0001641870381597019,7.994027472074879e-13,1.0319701170759403e-16,0.010039927627591053,6.180004725263635e-20,5.712168537630837e-14,07243
0.0055301661277646205,9.515718804593845e-11,2.1904582530245e-12,2.0874101281009594e-08,1.2281863052600182e-08,4.513489702561619e-16,4.461894679801492e-13,2.775963224971749e-16,0.0010226308782190245,0.9934471154256583,5.431459908767073e-08,01163
0.010383437140177096,4.2401452230525635e-11,2.6355219114080606e-15,4.1884204965606524e-12,2.923123660210819e-15,0.9896156343026944,1.323004190297948e-18,4.035296353857979e-14,6.627457541519425e-07,4.140374644605289e-20,2.657647386259856e-07,03822
2.841972322329851e-10,3.4848752920035023e-05,9.439860772774673e-14,6.694905175552295e-11,2.793427136316733e-08,2.2942139137284684e-13,0.9999598754195325,3.2569906671673958e-06,5.594707587650235e-17,1.9903987730045843e-06,1.5236598251738675e-10,05506
1.978345511852644e-08,1.1275219724916656e-11,7.662148886240922e-12,8.279270886051069e-15,3.001854380934243e-09,2.953515211624802e-10,1.4225144299971353e-07,1.1619831591870707e-06,9.076611058245386e-11,2.7853965845032392e-12,0.9999986725722395,09796
7.089441856483525e-09,2.2296420593933327e-08,2.4623384851250338e-06,0.0153099435790949,7.179612490708544e-11,1.8715150766038e-05,0.003756575667094511,0.9809116317704005,3.922979381443636e-09,7.674389257261845e-17,6.381135210117996e-07,12931
5.340768585209478e-14,1.2173257385887558e-15,3.990762028255947e-08,2.4830799133220896e-13,1.3539639285684728e-09,0.9999970398191281,6.6977090107867534e-12,1.3477782898733934e-13,9.03122059136836e-07,6.812770390769364e-22,2.015790093177955e-06,09029
0.0010930675388141145,1.1493583533934539e-10,7.062692691770107e-06,7.655019369383414e-05,3.122757102894241e-10,0.998816846117669,4.846075945367538e-06,3.517243845430009e-10,3.873634304104125e-07,1.3098083325606633e-14,1.2392388064095407e-06,04681
3.4354677404904084e-11,0.9898404766707155,2.336786498889097e-08,5.31448585703163e-07,5.786643535218397e-10,1.3078929240122834e-11,0.009879518259774197,3.3963487604627383e-05,5.86548429088714e-11,2.591605844588637e-12,0.0002454860781107321,08534
0.016085396822397468,0.8769432114206749,2.734453670098467e-06,6.168923483192174e-09,2.633990590830973e-07,1.9042501260882063e-06,0.003710465932715944,0.048179507009314525,5.513147025150467e-06,1.0909477063242623e-13,0.0550709973959841,03898
0.993778247898472,3.721107576608281e-12,0.006117013534932967,5.989751871403952e-12,2.0816222502991243e-08,3.398030672665281e-08,2.895793028535609e-14,1.442649206754487e-12,0.00010417499957857773,3.732820392602422e-09,5.050264843444926e-07,07409
9.75209535669228e-13,0.00019588853957375356,6.655522215384307e-15,3.8204283168511577e-19,1.3965294246494062e-14,4.072092019107997e-12,0.00012480422826058814,0.9996793072025499,5.023373949881903e-12,1.781048706553855e-11,1.7138328421437138e-12,00063
0.0008681850336188836,1.2223078175017635e-09,0.9666587910812046,0.0002631800722127093,4.522857433558195e-06,6.345265555923144e-06,2.094405784211208e-06,0.011829145768590111,0.0051510246525327055,6.555772154746025e-05,0.015151151919211937,01838
9.471343057274918e-10,0.028578598230184077,1.291142666585931e-11,2.0675943697103276e-11,0.9583376065550875,1.8104344737585834e-13,6.378527299782053e-10,0.006276770399141387,3.0683770865555167e-09,0.006054233610873784,0.0007527865175807645,03415
0.00012541684256851243,0.00041455975598704933,1.066214288598314e-05,4.6550304000061764e-07,2.3842009570227334e-15,6.896750949433399e-05,1.2300316886152335e-10,8.047337904334889e-08,0.9993798476442516,1.7610413136444842e-19,5.387823167603492e-12,00050
0.0018450900510854661,0.9667497309091009,1.9980374646978205e-12,2.224399755005076e-12,4.609643720977993e-11,0.000999929747216199,0.013330400934311844,0.01707481098475485,6.649414484769439e-09,2.217822282281968e-10,3.0452015080344895e-08,03927
0.0005665439014398226,3.925716511736331e-15,0.010938498061605366,3.705357636513587e-05,1.2936122183652755e-14,0.9882345765741367,5.218395351085707e-16,7.027538261105217e-15,3.691395688647659e-05,6.565044980676635e-20,0.00018641392954223037,03533
0.001462878291786215,4.905527028463709e-09,0.00020413672532324157,6.813480145915295e-13,1.3920933513599636e-15,1.1441055994049287e-12,2.302678465428298e-10,4.155486503470323e-08,3.520193099001676e-06,0.9983266852260761,2.7328712284841796e-06,12284
0.0074349033625674766,7.47269005681213e-18,7.865681957845736e-05,0.00015243169757841326,0.9923311615301394,1.2028234349558458e-06,1.0074662440807709e-10,2.0738407346513228e-14,1.643393609657746e-06,6.415964489505074e-13,2.7168260018931635e-10,01457
1.325282875325254e-09,1.420223949922329e-10,1.871779882259721e-11,1.4781588623839466e-07,0.9871999817150735,1.9011223764324256e-12,7.805488537437276e-05,8.130022111144028e-07,0.0005551335628572957,0.012160384351172034,5.483179501197946e-06,08714
7.28583549616836e-07,4.4822371775648215e-09,0.999734829660655,1.5208482667888819e-09,4.035254823383689e-09,3.1378604873352307e-09,6.27905747294941e-08,6.771632004302035e-11,2.952781199997581e-09,3.6066654610972654e-20,0.00026436276852227287,04546
1.274312812102667e-07,1.0872994908872998e-14,5.6211648746559174e-14,3.787904193784648e-09,0.005099836471858515,6.970141875157626e-11,2.546500361474063e-16,1.3702312398698748e-16,1.4257473702542377e-09,0.9949000308067278,6.712033276403796e-12,04552
0.00024460787939744547,0.9435277349428396,0.023888193965448053,0.014583982526297709,2.5567667606080802e-06,7.075228363768596e-05,0.006819480754734467,0.004682046212541887,1.3541827904959214e-06,4.030367400725559e-05,0.0061389868115448425,04841
0.007266618492745958,1.5058330473991014e-16,9.038926573896798e-11,2.455662792770069e-06,4.417019196347102e-10,0.002268469848191373,1.1708050620287477e-12,2.497853725793013e-13,0.9904624553202898,3.445046385832101e-11,1.0801778849011628e-10,07738
8.334675545347298e-11,1.683115745697107e-13,0.9993994934154609,2.2097877891764535e-10,9.030948428112721e-14,0.0001319409645233152,1.394111352885363e-09,4.3121874967846686e-08,6.790401289348038e-08,1.4597685798553183e-20,0.00046845289543247535,09765
1.9209647392946767e-09,1.9918277137136832e-05,6.939549241969952e-13,7.328159989758806e-15,2.9025505670023458e-09,3.86007446666789e-12,5.146652720023075e-10,0.004059143203817153,8.120005348879768e-11,1.5775834838403791e-12,0.9959209330935263,03380
1.6036021049326504e-07,0.9999848328216648,1.1970073299659552e-10,2.3570789420839366e-12,5.606207754898296e-13,4.354574440734859e-18,1.5004694759060948e-05,1.9732451866703238e-10,1.555299930365098e-10,4.7364743258831865e-12,1.6431562278915734e-09,06523
2.9020795728754297e-07,0.0006843355427508962,1.9651614642880385e-07,6.2219876369585964e-09,4.850694862330224e-11,0.00670506679660493,0.9926097749464496,3.2921826887737827e-07,2.0724864094978922e-10,1.2626273351713438e-20,2.940785960809523e-10,11624
1.126641400369118e-05,4.864421550836188e-05,7.80440858533915e-08,0.00045219195770828215,0.985129305761318,3.8925830395899745e-08,7.805289733401241e-05,0.013842220969501698,8.41047330011619e-09,6.541804258485424e-05,0.00037277436165160073,08736
6.843283084227926e-07,3.4298523927115775e-14,6.6456774556951055e-06,0.00013370343826070956,7.101620075456371e-24,1.749554352869911e-05,5.616936286823146e-12,2.6758115849988935e-14,0.9998414710061061,9.827754423646984e-23,6.623953214932498e-13,05098
3.454956146184937e-09,1.173258244705228e-05,3.977895734435709e-09,1.964307155248364e-15,0.02047075176625075,2.229147020483183e-12,1.498110859264412e-08,0.0005722590743766025,2.7712290927821494e-11,5.147946995614915e-07,0.9789447193383222,02618
0.0009640122088040657,4.063790437671085e-10,3.714020732388182e-05,0.9958390437103416,2.0125582852723564e-11,3.962257250187361e-05,6.5086658356573415e-06,1.4991705114152993e-10,0.0031099359046146847,1.1578732705178142e-13,3.736154040694541e-06,08108
0.00992281517047293,3.357459103270105e-14,6.607409814166188e-06,0.9900460632504149,1.5817582648934536e-13,1.1413903165654879e-06,1.7440557482168195e-17,8.21834807714879e-10,2.3071105512096473e-05,4.161630022857515e-15,3.0085143848592e-07,07262
2.512433629676346e-09,8.314831440806352e-15,1.3746128808794426e-13,2.0727325214457708e-13,0.012239625008226663,1.7864491180275738e-16,2.8017897185783514e-07,8.997870236376451e-07,3.817337223138321e-10,0.9877585653378785,6.267933786834519e-07,06895
5.02311923598208e-14,3.857234844731448e-16,1.5270424534627112e-08,1.220778184971229e-13,2.1259884223200535e-10,0.9999998621017382,4.299410927288253e-09,5.084832519647162e-18,2.210391369607346e-09,7.117320283727983e-16,1.1590526285927844e-07,12469
6.759669546812099e-06,1.0950477878632569e-18,0.0003570323971577376,0.9994912324416108,1.872462495853038e-08,6.642563486508036e-13,1.2883676068826356e-12,3.898577301397665e-13,0.00014494783581728822,1.7361121951787312e-12,8.927163945080894e-09,01466
6.222105512524655e-07,7.353836403290778e-07,2.1756882670766772e-05,1.055593075203064e-08,2.357868863236751e-13,1.0262931358661784e-10,1.0402494249652717e-12,2.439958306319797e-07,0.999976630563868,2.752014571442403e-10,2.8401595208271952e-11,13141
8.41619717033482e-14,1.1663658332428775e-17,1.2405304114811763e-17,3.6452617055287344e-16,4.69337275109673e-06,1.9380390633429603e-22,9.234144932694131e-15,2.3746420239606406e-15,1.864307081877454e-12,0.9999953066252883,7.264609681548985e-19,05833
7.380295872119978e-10,1.7901678522209825e-16,5.3878551684342075e-14,7.75981273203715e-09,0.9994206427140642,4.059023125159272e-10,1.8910348504332086e-10,0.00011937146426047954,2.5474339681667316e-10,0.0004599760005705108,4.734594020428434e-10,11444
0.00011512808188798829,1.3607082267254055e-05,6.165330089862868e-07,0.0015836531271560465,2.2506506699120938e-07,1.5805640374150279e-09,0.012527000667129197,0.9412463481382957,5.476807226022505e-06,2.0382265737202849e-16,0.04450794291739749,01795
2.1995740508838573e-05,0.9405090506698336,0.0535621430432507,0.0001741425552931137,2.1124977631400092e-08,1.833629851472284e-08,2.3823884218425438e-06,0.005423959698437351,0.00014074045633951672,2.3682009986998353e-07,0.0001653091665389775,03791
0.9973112083411395,7.174971991839007e-07,2.797033848354544e-07,1.3664834508398525e-09,1.403297738191072e-08,2.42195481860443e-10,9.831509097410387e-12,9.53717461156239e-08,0.001342284405480671,2.6103487154898097e-17,0.0013453990295616205,02063
7.469263982858681e-11,8.109116077381102e-29,0.00044207095107968736,8.624333230527994e-10,4.6784871742933626e-20,0.9995579281114824,7.842141777294401e-18,4.800086169875631e-20,7.198396638387391e-14,3.8749878012336847e-25,2.400886712810122e-13,12134
6.40417923566394e-07,0.0036870775015021523,5.136284423311242e-14,4.949081863639531e-12,0.9961029892758967,1.827784389695039e-15,0.00015907314860052544,2.1481217743935646e-08,4.7196457874037174e-05,2.9047204655272885e-06,9.699151726447612e-08,08300
2.3229715259144106e-15,5.1072109599320035e-08,0.9999524326436476,1.5651216151687088e-11,6.371549775238905e-19,4.21130757349913e-09,2.0672559540817055e-15,1.1410739608894265e-16,4.751205727857047e-05,6.431201558520137e-28,8.812132046982833e-16,08305
0.002139704224801566,1.0859127441491039e-12,0.00026020034054984915,0.00011727059749366187,1.7671428400383697e-13,0.973764535760651,6.185246166835698e-16,6.214511068735707e-12,0.023718269015333932,3.577849715770796e-18,2.005369215362009e-08,04098
6.542790340936097e-05,1.5949888702356783e-08,0.020929287764373795,5.3385548010344275e-06,2.8706761947509135e-09,0.9724759587362874,2.6343690357255033e-10,6.195497903339757e-08,9.168718154105998e-05,1.1603221823579372e-12,0.006432218819445981,11461
6.183498051109256e-13,4.464736508028461e-08,4.874270849554728e-11,1.489437057081888e-13,7.700837949965754e-18,1.8721387626770864e-06,0.9873131461258787,0.012684935730583338,1.2551751955687012e-15,1.5927001043323928e-13,1.3077395636815007e-09,08076
1.771502494402852e-18,5.980103466874698e-11,7.134971542140296e-19,8.441855657368576e-28,0.00025635546057581966,6.249894227833395e-22,3.094602538605289e-15,2.882547533172258e-19,1.035893090685986e-20,0.9997436444796199,2.3823220983771353e-18,05227
6.812019542792395e-07,6.998988970173286e-05,9.318994362322101e-10,2.4356566969736925e-11,3.082473786974875e-16,5.511127171014641e-10,0.9965623437845216,0.0033610186974115737,2.4794467591025877e-10,1.113178597008977e-15,5.964671096283195e-06,09395
4.1511943583110246e-08,2.330850520677069e-08,0.9934639265110938,0.002692923398059024,1.0070257530727669e-06,9.73677378876675e-11,7.653047021795284e-09,5.51483557055584e-06,0.0038365304162085822,3.3182502271465864e-14,2.5242418129861552e-08,02776
8.852078084366105e-09,3.537553465249757e-11,0.9799210643717823,3.4988192410146816e-10,1.2435551530411252e-14,0.02007844195847953,2.086939402863516e-13,6.308111828614028e-16,9.338716704231329e-08,9.753257829537927e-22,3.9104501394015804e-07,08541
2.174085203716367e-13,2.98587603526536e-26,0.9999999995445792,8.969358480264631e-14,1.8461886262949084e-10,6.274534771626661e-14,4.027663679551169e-12,5.718796116375709e-11,1.7392835954301368e-10,2.180133631775882e-11,1.3486676776905997e-11,12620
3.4844187831605754e-09,2.2208284539444589e-13,0.9716631903918543,3.0036951146413627e-09,1.461711864499402e-10,4.2499617722797093e-08,8.658587996582582e-06,1.1969346416121147e-07,0.028320352959639625,8.372588088544365e-09,7.620860332143492e-06,00621
5.790287394622534e-16,3.147576651464583e-08,9.415636721316702e-08,1.1451283511234405e-06,1.19254506327668e-12,1.6451531172524102e-14,0.9996492023709884,0.0003495268564205134,2.230252272342165e-13,1.0666681675642598e-11,6.859124675623979e-15,11689
7.304135602013272e-07,2.5610393068980787e-05,4.2538365329595145e-06,5.848395860236374e-07,3.643737131387504e-19,0.00032921022596275613,0.9996274874737607,1.2070887078886792e-05,1.5078612432090556e-08,2.5151594564425904e-20,3.685183694424754e-08,00555
0.000125943260864372,3.4833137371260185e-18,1.4496402379752416e-06,1.8497774908960122e-14,2.5857276673679237e-15,0.9736522566994421,0.0007905690131495563,0.0005706899074511962,0.024859091477692146,1.2269714214537406e-13,1.018746295340701e-12,06716
2.607023684451009e-05,6.62325729754279e-05,7.589120219314724e-10,1.3500746244342965e-09,1.8306204007184512e-09,4.682617339733753e-05,0.9627364190173032,0.037124429964004516,1.7570077093451344e-08,3.388654966576631e-11,4.91904646886909e-10,00419
0.996585728187504,7.245631546571218e-09,1.0731749904743267e-11,2.0460328527366308e-16,8.762068046490547e-10,8.902656587214275e-10,2.122648062143314e-16,3.993179709142281e-11,1.136763005020973e-05,1.5589614857959573e-07,0.0034027392235292074,09484
1.1334611797618826e-08,5.1290305590960995e-14,0.9817037475296024,8.214460104958413e-15,2.7538173447284597e-14,0.005652438821568645,5.666063620366213e-11,2.466340382415137e-09,0.01264379976909242,3.759009986480367e-14,2.1998935547681538e-11,02756
1.1956170575992285e-12,8.786306330269383e-05,1.19954666730514e-09,6.884724698027798e-11,0.9998886233619608,1.424819753794642e-17,2.7384256335047435e-15,1.5092595109064143e-14,1.531917136796009e-12,2.351230133364036e-05,2.263503467888707e-12,10877
1.6887802117577864e-09,3.274897584024378e-11,0.025386739752492768,0.004246350352363326,9.100060854629673e-12,0.0009614971637185626,5.4002874982073007e-14,4.644729942840992e-14,6.284979395826693e-07,3.5408426764939956e-11,0.9694047824673476,12380
3.5770922016517162e-12,0.001661055739521844,0.002528241167385097,0.99581064784236,1.1970908980743693e-14,4.260941241357049e-11,9.776809546898997e-13,9.74072411238108e-10,5.501935048963484e-09,2.587838224976311e-16,4.8727549173365724e-08,00124
0.979993511325217,3.038952464559105e-09,6.190256547378222e-10,5.314994492164335e-13,1.9466805378036663e-10,0.01304311357601859,3.153206011551751e-07,1.0769771139135665e-05,0.006952284276262568,1.605005159215335e-16,1.8775839231141135e-09,07723
2.982595690170189e-08,0.9999995124249538,6.184512826388224e-09,5.8648747217291974e-15,2.0252612005204417e-07,3.013021281261539e-12,1.2625997438451141e-08,1.8363725989120722e-08,1.810761507895182e-17,2.786536053225606e-10,2.177670602503301e-07,03762
1.799161908712189e-05,4.563441881642124e-12,0.0005802053122925359,1.827683312730496e-10,9.293113083736344e-10,7.541122878186947e-05,3.690493378016538e-12,8.902755115279263e-09,0.999326295752432,4.306317220937182e-20,8.606431762395373e-08,07372
0.0016211717536628852,1.2606494282187785e-08,1.3010272715371589e-07,0.000818728394303758,0.956405677257337,0.011207666865255183,1.4520137537046448e-09,7.71843840476341e-06,0.025149075570516936,0.004786523520156773,3.2940391275838017e-06,08958
7.209289145140987e-12,0.9617648205829622,1.3103896349853325e-06,3.6120016102855445e-17,4.45340351790235e-16,1.100169480578221e-11,1.238864811937871e-15,3.882714162429991e-07,1.1504540649396538e-08,2.332255127170224e-16,0.03823346923323278,05280
4.931871000778808e-07,0.9799324642288679,9.670264621766351e-09,1.964010507541267e-11,1.576702912414543e-13,9.322972341351405e-16,0.0014001388410407414,0.01866571515149592,1.1638899231774144e-06,3.0375907244862236e-11,1.4981133030341507e-08,04080
1.8886289112504572e-06,1.0954845373724665e-11,0.005030565698364739,0.0013059735456053643,1.2160831589820876e-05,0.01045296721804643,1.9198422894567007e-12,1.4665507049035026e-07,0.9831957871213791,2.9860711507298824e-13,5.102878593367315e-07,09011
0.00015908088364233506,2.5413258122340182e-05,8.46204804863771e-07,1.1339210612347451e-06,0.9600707453973889,1.8472340147025795e-06,1.68191189527078e-08,1.7216257469122156e-08,0.016537717893858356,0.014886439793103457,0.008316741378627146,01271
0.0003542785153587729,0.0006038590033248949,4.1933968505831784e-08,5.986023119633074e-20,1.1550492726176416e-18,2.0535468793310214e-05,0.9868775977125269,0.012143686532501056,9.582816073409062e-11,7.081359309131862e-10,2.9562474284842416e-11,08718
8.207177296780028e-06,1.1026336677116484e-12,1.7065201167562118e-08,9.917344913925744e-08,1.7135046227009742e-08,0.014903920048434603,3.707925549256644e-13,2.1963111351351195e-12,0.980949832950444,2.3258962935480017e-05,0.004114647483522931,03747
1.9160659139054414e-08,3.236639194858121e-09,7.698346921837676e-06,1.3458548524846246e-10,5.336573175975611e-06,9.450644290860565e-09,4.3631307162799233e-08,0.9998081030140556,8.419905663072428e-10,5.516815608651061e-07,0.00017823392845981058,03476
0.0006490870076121528,4.132973545612744e-05,4.438537696285209e-06,5.5523717187951665e-09,0.0005125838477794357,7.488036024752289e-13,1.9610385841467103e-10,0.0004372367220006825,1.0043125476724456e-05,0.010646664540749034,0.9876986107340051,01553
