eval_accuracy = 0.6454545454545455
eval_loss = 2.072549222820047
f1 = 0.6460690102646812
global_step = 6880
loss = 0.0022628019282291104
precision = 0.6518755048330345
recall = 0.6454545454545455
