eval_accuracy = 0.09090909090909091
eval_loss = 2.3981034772983496
f1 = 0.015151515151515154
global_step = 2064
loss = 2.418021612389143
precision = 0.008264462809917356
recall = 0.09090909090909091
