eval_accuracy = 0.6503155479059094
eval_loss = 2.6128124222842923
f1 = 0.6509210500047499
global_step = 43800
loss = 0.0018554659160577
precision = 0.6563099065016996
recall = 0.6490268706902509
