eval_accuracy = 0.6434308663224326
eval_loss = 1.2615643435183468
f1 = 0.6436778070769484
global_step = 6570
loss = 0.44156106133439227
precision = 0.6469601608963805
recall = 0.6435296226425778
