eval_accuracy = 0.6623637406769937
eval_loss = 2.254609336068324
f1 = 0.6619405448632348
global_step = 21900
loss = 0.004538713902507198
precision = 0.6681387967162833
recall = 0.6619420555228337
