eval_accuracy = 0.646873207114171
eval_loss = 1.4114432776466421
f1 = 0.6462437230853593
global_step = 8760
loss = 0.2212022652364757
precision = 0.6479137300258604
recall = 0.6474157767702923
