eval_accuracy = 0.6636363636363637
eval_loss = 2.2840469825095027
f1 = 0.6654120617249681
global_step = 13760
loss = 0.00025448337370573087
precision = 0.6731225232272808
recall = 0.6636363636363637
