eval_accuracy = 0.09090909090909091
eval_loss = 2.3980362829954727
f1 = 0.015164151944802485
global_step = 3440
loss = 2.417576997432598
precision = 0.008271982794275788
recall = 0.09090909090909091
