eval_accuracy = 0.6254545454545455
eval_loss = 1.49944741807986
f1 = 0.6261983167276437
global_step = 3440
loss = 0.1407268198510242
precision = 0.629461606067829
recall = 0.6254545454545455
