eval_accuracy = 0.09090909090909091
eval_loss = 2.3985497450483018
f1 = 0.015151515151515154
global_step = 688
loss = 2.437518277140551
precision = 0.008264462809917356
recall = 0.09090909090909091
