eval_accuracy = 0.6491681009753298
eval_loss = 1.628407399246999
f1 = 0.6491253133816183
global_step = 10950
loss = 0.10170461514701037
precision = 0.6532955168451676
recall = 0.6488365261605776
