eval_accuracy = 0.6381818181818182
eval_loss = 1.3409558076789414
f1 = 0.6376577972472147
global_step = 2752
loss = 0.268954673652039
precision = 0.6420322111968985
recall = 0.6381818181818182
