eval_accuracy = 0.09090909090909091
eval_loss = 2.3986899835475977
f1 = 0.015151515151515154
global_step = 55000
loss = 2.423826826724139
precision = 0.008264462809917356
recall = 0.09090909090909091
