eval_accuracy = 0.7727272727272727
eval_loss = 1.2453727768599123
f1 = 0.7720907860694098
global_step = 44000
loss = 0.23733229260011152
precision = 0.7733563191463603
recall = 0.7727272727272727
