eval_accuracy = 0.7581818181818182
eval_loss = 1.405767999265505
f1 = 0.7571809545985789
global_step = 44000
loss = 0.22335875260829927
precision = 0.7621203848114946
recall = 0.7581818181818182
