eval_accuracy = 0.14152138141296056
eval_loss = 0.6848623448214465
f1 = 0.13925118599195546
global_step = 388.96
loss = 0.4848381534721812
precision = 0.1381266235412838
recall = 0.1403942100729908
