eval_accuracy = 0.6471145831729056
eval_loss = 1.4991745341500737
f1 = 0.6440626524179813
global_step = 4566.4
loss = 0.5071882877689036
precision = 0.6444384860288898
recall = 0.643687256920492
