eval_accuracy = 0.6699604743083004
eval_loss = 1.3838580218143761
f1 = 0.6667000374197822
global_step = 1180
loss = 0.6150968922901962
precision = 0.6805648608786845
recall = 0.6726944001334317
