eval_accuracy = 0.5916030534351145
eval_loss = 1.6528864769321499
f1 = 0.5861254426842862
global_step = 1172
loss = 0.6226605960126623
precision = 0.5968453876681215
recall = 0.588162868077802
