eval_accuracy = 0.6861081654294804
eval_loss = 1.3483284495897212
f1 = 0.6836152939168246
global_step = 4580
loss = 0.48521227068776124
precision = 0.685350024527272
recall = 0.6863483036679134
