eval_accuracy = 0.6803118908382066
eval_loss = 1.397455548781615
f1 = 0.6745565287802154
global_step = 1176
loss = 0.6261484817075892
precision = 0.6805329103280071
recall = 0.6813165664983891
