eval_accuracy = 0.6366925064599483
eval_loss = 1.4852326714302884
f1 = 0.6353120423028665
global_step = 4568
loss = 0.5108691367080954
precision = 0.6381295284096732
recall = 0.6359723180022132
