eval_accuracy = 0.6390658174097664
eval_loss = 1.5074684677992838
f1 = 0.6354096224818006
global_step = 4580
loss = 0.5166088757816881
precision = 0.639893036162386
recall = 0.6411251489328376
