eval_accuracy = 0.6223111555777889
eval_loss = 1.6313780708312988
f1 = 0.6122969467284148
global_step = 4552
loss = 0.4888690571989766
precision = 0.6126853043730321
recall = 0.6178005552507385
