eval_accuracy = 0.6336032388663968
eval_loss = 1.558900817748039
f1 = 0.6229119244652468
global_step = 1180
loss = 0.6591068369857336
precision = 0.638209885315273
recall = 0.6251079342726941
