eval_accuracy = 0.6545454545454545
eval_loss = 1.5088780255238545
f1 = 0.6493940774696262
global_step = 4572
loss = 0.4809757981087592
precision = 0.6545259631390392
recall = 0.6508494712948694
