eval_accuracy = 0.0471311475409836
eval_loss = 3.1374901943519466
f1 = 0.003913894324853228
global_step = 1184
loss = 3.136924469793165
precision = 0.002049180327868852
recall = 0.043478260869565216
