eval_accuracy = 0.6607608129233976
eval_loss = 1.4230201040705046
f1 = 0.649584313269016
global_step = 4572
loss = 0.5086223785541397
precision = 0.6528355160256387
recall = 0.650879418313566
