eval_accuracy = 0.654639175257732
eval_loss = 1.4779469470183055
f1 = 0.651279100696856
global_step = 4568
loss = 0.5198055840963449
precision = 0.6578734286067238
recall = 0.6507242728976547
