eval_accuracy = 0.6459660297239915
eval_loss = 1.492407178979809
f1 = 0.6428431004896812
global_step = 4580
loss = 0.4900974770950959
precision = 0.6476763260958086
recall = 0.6490083762620634
