eval_accuracy = 0.6754032258064516
eval_loss = 1.3695041277716238
f1 = 0.6714613415506401
global_step = 1180
loss = 0.6912681073455488
precision = 0.6861147216897399
recall = 0.6704688583961351
