eval_accuracy = 0.6248153618906942
eval_loss = 1.5982846255142857
f1 = 0.618399225290417
global_step = 4544
loss = 0.5364999113420785
precision = 0.6234501171271148
recall = 0.6225249002565008
