eval_accuracy = 0.6223535204332841
eval_loss = 1.6516384322812239
f1 = 0.6160958420288284
global_step = 4544
loss = 0.49937435859997925
precision = 0.619455136692262
recall = 0.6200836831869718
