eval_accuracy = 0.674
eval_loss = 1.395745308153213
f1 = 0.6726548752936194
global_step = 1180
loss = 0.6091023626974074
precision = 0.678414491570411
recall = 0.6704659431666695
