eval_accuracy = 0.6591974986972381
eval_loss = 1.41058880922695
f1 = 0.6486659103241496
global_step = 4572
loss = 0.501620479573415
precision = 0.6530880828347014
recall = 0.6484729980568058
