eval_accuracy = 0.6358179089544772
eval_loss = 1.6276173216104508
f1 = 0.6249537018594465
global_step = 4552
loss = 0.4971564819312839
precision = 0.6259810011498164
recall = 0.6305138219791027
