eval_accuracy = 0.6363181590795398
eval_loss = 1.5217382971048354
f1 = 0.63030821780871
global_step = 4552
loss = 0.499001256021653
precision = 0.6318379735504914
recall = 0.6325353479908321
