eval_accuracy = 0.6565040650406504
eval_loss = 1.398994212669711
f1 = 0.6565080480137339
global_step = 1180
loss = 0.647108372894384
precision = 0.6668839050289243
recall = 0.6595001165606081
