eval_accuracy = 0.6453226613306653
eval_loss = 1.5192789158001543
f1 = 0.6380451272409031
global_step = 4552
loss = 0.4991793598986259
precision = 0.6405292861910488
recall = 0.6421941201047564
