eval_accuracy = 0.6328451882845189
eval_loss = 1.506673994548151
f1 = 0.624397206986783
global_step = 4576
loss = 0.5268924706387561
precision = 0.6283556125725562
recall = 0.625419267193691
