eval_accuracy = 0.6484536082474227
eval_loss = 1.4546633389751606
f1 = 0.6445012597129433
global_step = 4568
loss = 0.508498832609524
precision = 0.6507815974114579
recall = 0.644251210450656
