eval_accuracy = 0.642077922077922
eval_loss = 1.472303967752892
f1 = 0.636059603448652
global_step = 4572
loss = 0.5068345759536547
precision = 0.6391139529345304
recall = 0.6396910543902118
