eval_accuracy = 0.6401590457256461
eval_loss = 1.5092709826098547
f1 = 0.6294350920807055
global_step = 1180
loss = 0.595025785393634
precision = 0.6352564268846281
recall = 0.6346360186425851
