eval_accuracy = 0.6459205020920502
eval_loss = 1.4795657006018332
f1 = 0.63909553172202
global_step = 4576
loss = 0.5143497733633731
precision = 0.6428954242276618
recall = 0.6398658737931505
