eval_accuracy = 0.6434108527131783
eval_loss = 1.4975320980691713
f1 = 0.6405393290368682
global_step = 4568
loss = 0.5122364981364191
precision = 0.6426827059825664
recall = 0.6427669070110267
