eval_accuracy = 0.7014314928425358
eval_loss = 1.225944671419359
f1 = 0.6956187126083634
global_step = 1184
loss = 0.6894470271025155
precision = 0.7043460584312967
recall = 0.7040387007723592
