eval_accuracy = 0.6712619300106044
eval_loss = 1.3996988322775243
f1 = 0.6684289374517062
global_step = 4580
loss = 0.5122735561111609
precision = 0.668591986727498
recall = 0.672517431826099
