eval_accuracy = 0.9336363636363636
eval_loss = 0.17614018541855225
f1 = 0.7553909936365104
global_step = 2752
loss = 0.20026045291532957
precision = 0.8337067482920211
recall = 0.7115
