eval_accuracy = 0.9090909090909091
eval_loss = 0.3039875885714655
f1 = 0.47619047619047616
global_step = 2752
loss = 0.3080661127148846
precision = 0.45454545454545453
recall = 0.5
