eval_accuracy = 0.9518181818181818
eval_loss = 0.1875823527250601
f1 = 0.8203495018781644
global_step = 2752
loss = 0.04046867088263118
precision = 0.9265780947263876
recall = 0.762
