eval_accuracy = 0.9481818181818182
eval_loss = 0.27121097729473875
f1 = 0.8045212641581788
global_step = 2752
loss = 0.01663155141448992
precision = 0.9146271719567375
recall = 0.7464999999999999
