eval_accuracy = 0.9327272727272727
eval_loss = 0.2050374487441951
f1 = 0.7534498842971201
global_step = 2752
loss = 0.2519187428663636
precision = 0.8278637578469762
recall = 0.711
