eval_accuracy = 0.9536363636363636
eval_loss = 0.1784823101715765
f1 = 0.8400209883337943
global_step = 2752
loss = 0.02291838597062282
precision = 0.8988208774059303
recall = 0.7989999999999999
