eval_accuracy = 0.9090909090909091
eval_loss = 0.3073942273639251
f1 = 0.47619047619047616
global_step = 2752
loss = 0.30557415995010456
precision = 0.45454545454545453
recall = 0.5
