eval_accuracy = 0.93
eval_loss = 0.2078811764933061
f1 = 0.7419877604111138
global_step = 2752
loss = 0.26872017968792555
precision = 0.8163508417614667
recall = 0.7005
