eval_accuracy = 0.9090909090909091
eval_loss = 0.30387945969899494
f1 = 0.47619047619047616
global_step = 2752
loss = 0.307464721146971
precision = 0.45454545454545453
recall = 0.5
