eval_accuracy = 0.6514505227228001
eval_loss = 1.501606143229986
f1 = 0.648871091783482
global_step = 5708.0
loss = 0.392657086890555
precision = 0.6488040101860328
recall = 0.6489381872538602
