eval_accuracy = 0.6303151575787894
eval_loss = 1.6241898260116576
f1 = 0.6226629427588077
global_step = 5690
loss = 0.3967639596081995
precision = 0.6246355590552344
recall = 0.6276907114246201
