eval_accuracy = 0.6818663838812301
eval_loss = 1.364227051578336
f1 = 0.679509701765598
global_step = 5725
loss = 0.3858337785219001
precision = 0.6807949129861032
recall = 0.6826559362174001
