eval_accuracy = 0.6356474643032989
eval_loss = 1.6326549985981362
f1 = 0.6280481942177587
global_step = 5680
loss = 0.39521475312050797
precision = 0.6316489988696462
recall = 0.6327034966110376
