eval_accuracy = 0.639319659829915
eval_loss = 1.5187316336631775
f1 = 0.6330964045769586
global_step = 5690
loss = 0.40443755149422295
precision = 0.6368041303048892
recall = 0.6364959819314648
