eval_accuracy = 0.6556701030927835
eval_loss = 1.490648580554091
f1 = 0.6529218866072819
global_step = 5710
loss = 0.40116861482165533
precision = 0.659495790415504
recall = 0.653500861720471
