eval_accuracy = 0.6558577405857741
eval_loss = 1.4739324400614495
f1 = 0.6483124964244942
global_step = 5720
loss = 0.3912361224240565
precision = 0.6514500071418948
recall = 0.6507066469030515
