eval_accuracy = 0.6462337662337663
eval_loss = 1.515418944764434
f1 = 0.6404734133260392
global_step = 5715
loss = 0.39750658272914685
precision = 0.6453508879976263
recall = 0.6443482018248032
