eval_accuracy = 0.6454780361757106
eval_loss = 1.4878929934718392
f1 = 0.6423050856561318
global_step = 5710
loss = 0.3770820039035769
precision = 0.6445642062118345
recall = 0.6455395917686989
