eval_accuracy = 0.6565817409766455
eval_loss = 1.4962113129006605
f1 = 0.6550340231248069
global_step = 5725
loss = 0.38008144646232306
precision = 0.6571736749527398
recall = 0.6595293297823231
