eval_accuracy = 0.6675351745700886
eval_loss = 1.412153650696079
f1 = 0.6533120005379767
global_step = 5715
loss = 0.39724605581996114
precision = 0.656121933924856
recall = 0.6562111143547318
