eval_accuracy = 0.6598759787796673
eval_loss = 1.348729116406421
f1 = 0.6579301903862436
global_step = 4566.4
loss = 0.6876957164617001
precision = 0.6584870490364791
recall = 0.6573742727705969
