eval_accuracy = 0.6706618030224075
eval_loss = 1.2851498067378997
f1 = 0.6593594740900134
global_step = 4572
loss = 0.6889605004330632
precision = 0.6617765586454675
recall = 0.6610171770119522
