eval_accuracy = 0.661498708010336
eval_loss = 1.3178960366928874
f1 = 0.6577923757516391
global_step = 4568
loss = 0.6860437298849251
precision = 0.6605808467125138
recall = 0.6612343431172487
