eval_accuracy = 0.6597664543524416
eval_loss = 1.3634276544138537
f1 = 0.6577310373462011
global_step = 4580
loss = 0.6784901013280626
precision = 0.6625462559387877
recall = 0.6623831925894902
