eval_accuracy = 0.6373186593296648
eval_loss = 1.4450069280266762
f1 = 0.6304707250729864
global_step = 4552
loss = 0.6752751350848034
precision = 0.6336435492335388
recall = 0.6347623225365594
