eval_accuracy = 0.6654545454545454
eval_loss = 1.3466049049405142
f1 = 0.6604282965170214
global_step = 4572
loss = 0.6943381663969183
precision = 0.6646987973800514
recall = 0.6632422261525768
