eval_accuracy = 0.6346627277203348
eval_loss = 1.481049331975734
f1 = 0.6282673965923609
global_step = 4544
loss = 0.6759924617871432
precision = 0.6308889249921101
recall = 0.6319026507720326
