eval_accuracy = 0.6623711340206185
eval_loss = 1.3460462579633965
f1 = 0.6585295877126304
global_step = 4568
loss = 0.6954152260738997
precision = 0.6648375201952049
recall = 0.6597963354193324
