eval_accuracy = 0.6977730646871686
eval_loss = 1.2036994186750913
f1 = 0.6973691686960486
global_step = 4580
loss = 0.6844756955402908
precision = 0.7001098049999611
recall = 0.7000494599731392
