eval_accuracy = 0.6574267782426778
eval_loss = 1.3211498967523854
f1 = 0.6490161767689224
global_step = 4576
loss = 0.6956488822254684
precision = 0.6541957790778811
recall = 0.6494714548172198
