eval_accuracy = 0.6518259129564783
eval_loss = 1.3772609278857708
f1 = 0.6474022252138689
global_step = 4552
loss = 0.7023172658624255
precision = 0.6515924531892752
recall = 0.6498835653164178
