ARA,CHI,FRE,GER,HIN,ITA,JPN,KOR,SPA,TEL,TUR
0.001185386180215436,0.0018427951771632413,0.4217259641591712,0.021633735766769895,0.0029930200351728263,0.48827336150882816,0.01765714226353015,0.020594325411767957,0.003392540126806632,0.01814038554275628,0.0025613438278180717
0.09669372594874345,5.816670467259918e-06,0.586746991731126,0.09939511485893016,0.0003295923900502984,0.1631916596778449,0.0008103849678156937,0.00040343629634676735,0.050216026530723545,0.00017796629300624781,0.0020292846349457046
2.417617609195764e-05,0.0006948925323187368,0.00012062515051629044,8.402420034446165e-05,5.547834181119595e-08,0.0003679600995303614,0.9948652433311629,0.0038285421230073915,1.1342756496760945e-05,1.7730446110843421e-09,3.1363791447517336e-06
0.006214340602019482,9.738100222506547e-06,0.010254963355332837,8.518437762164648e-05,0.0015543411488297897,1.0447296312508056e-06,1.9660999014212836e-10,1.4958892664452825e-07,5.860720198295224e-09,5.590641194747266e-06,0.9818746413988909
0.0004706445662622603,0.4529812810913084,0.007066319543326228,0.013463582303972012,1.6471892438191399e-06,0.00016528239425770024,0.005911286163440494,0.001298521822565252,6.697878729063917e-05,1.1592505310415324e-05,0.5185628636330227
0.002898332708559947,6.164619809994533e-06,0.04798494476202205,0.02552447396349279,1.646235661594047e-08,0.8521907950955606,0.006084729212192674,0.0002036944158840001,0.06510080634140243,5.062890339997111e-08,5.991789815296411e-06
0.846073310322467,0.000733644975808839,3.290051724965841e-05,1.0049722840406852e-05,1.073569150965041e-06,1.2958800923489406e-05,0.0003507690026994758,0.005015468819923779,0.14749017645633072,2.0359586213506075e-07,0.00027944421674343516
6.986496895224761e-06,0.6311158063863049,0.0007205095391422219,1.5931146113226215e-06,6.702574623228439e-06,3.228335347172018e-06,0.2923390703574905,0.07496682801933356,0.00033336500326827467,2.2682056182956878e-06,0.0005036419673652275
0.06173084326089843,1.4375513725529597e-07,7.225157718000406e-08,1.5830098286146392e-07,3.9648296106551466e-05,7.312535192630672e-07,6.064376665974035e-06,3.6014812455822815e-08,1.0318713885945851e-05,0.0014483381493920785,0.936763645627022
5.294629368229818e-08,0.020891880864466885,0.0008281598583003171,3.386818235181332e-08,0.14082925222334897,2.0983440330584536e-08,4.1799754289554566e-06,1.5572953395620598e-06,1.4369740871519409e-07,0.8373011001066516,0.0001436181811384816
0.0142223809324857,0.972859229371569,0.0006468269615548016,0.0006981244919119256,7.1539529842460505e-06,3.475078505237922e-05,0.0003498282716490712,6.365201763328277e-05,0.0003785112254263839,3.5382325637752423e-09,0.010739538451500509
0.004654107270852522,0.002859507389009142,0.0009754681791435441,6.143651259419246e-05,0.008433473236227996,0.0004067281098920517,5.471051119729792e-07,5.138733632826805e-06,4.084896829084465e-05,0.17604480311544,0.8065179413798049
0.023989507502248375,0.00882221378216286,0.01996042520489706,1.923112709815415e-05,0.005069900687352141,0.00011920910444493647,0.016858074199269556,0.0325636426223584,0.49012813721075105,0.3982974668585344,0.004172191700883248
1.2680166800927842e-05,3.992682920002324e-05,0.008783703311108108,2.0666352710000034e-06,0.0009996348404856686,3.826318761663594e-06,0.00042132114797481936,0.9868143117471841,0.00035419076987878984,3.8522770796047116e-07,0.0025679530056270513
0.9521866039948643,0.00012266789275520645,0.013011556133155648,1.288441135138481e-06,0.0010914069106920748,0.026454023969903952,1.1372887375097828e-06,3.717722877702463e-07,0.0005399992620415003,4.801372191986142e-05,0.006542930612506994
9.257993951148309e-10,4.1642299552348723e-11,9.21642775749283e-09,0.00033825105938377787,0.9883492495350407,7.179873676450972e-08,4.726594398463677e-10,2.0932216347753047e-08,4.7451548132126367e-07,0.011311886358604358,3.51440078258908e-08
0.01793896243405585,0.00010680754331492354,0.015953827845955146,0.10531286489417664,0.0049193352879286474,0.0021612774174451536,4.488088180783364e-05,2.1849288704239857e-05,0.8504872870065115,6.882661449820957e-05,0.0029840807856018237
3.332350850485845e-05,2.0505418098416134e-09,9.682545204647326e-06,0.011069496966925172,0.9875879057282289,0.0004603797575009268,7.189620750138463e-09,7.705334781133074e-08,6.7807003140391645e-06,0.0008068548477132534,2.5489652097652666e-05
0.015630152485744026,0.0093083364512034,0.004218540223602404,0.005542571240074094,2.1398741910042743e-06,0.00014097386703899325,0.7885996821783569,0.10740384835094563,0.0015224950527343518,6.907760814137215e-07,0.06763056950002794
0.04168242968936881,0.01206614553939351,0.0004617672572105089,7.551982876716254e-05,0.0040403639381528895,0.8699958806126364,0.06257488371561248,0.008649034353921023,0.0001134899105915721,4.086897264409128e-06,0.0003363982570811147
8.155513620524607e-05,2.244506294956073e-05,0.04582761657437649,0.0006645079098881002,0.0011485505283495951,0.0005289568616897735,1.1632837210756444e-07,8.421661269709374e-07,0.00756659266977573,0.0001080474035101154,0.9440507693587563
0.8503366049744397,7.377138825673705e-08,5.7301547616967705e-06,7.655333618102288e-06,0.04675173146419655,0.0019109813394334897,3.435792487255958e-05,7.215036949141022e-06,0.04269390078427847,0.021150862927153943,0.03710088628890802
0.9776778922997489,5.5842698603100537e-08,0.000625001938004114,0.00014859448065398056,0.0011144197273339758,0.003778153187246863,8.279898085369472e-09,8.42122221631666e-08,0.016070081658243272,3.464854930020714e-05,0.0005510598246499018
8.275243109204693e-06,0.00010162746093004897,6.256981469926469e-09,2.266142898415688e-09,4.304606211548225e-09,1.4540450363012003e-07,0.9996473054302667,0.000242262311421436,1.1543907496020254e-07,2.449444362378895e-08,2.3138851998965134e-07
0.00018391156667354515,0.0007093568663962864,0.9987988267472728,1.639805149340337e-08,1.6039150390769055e-08,0.0002732231420049359,8.276859940518014e-08,9.244250353397565e-06,2.3545495186889376e-05,1.5582359103654956e-07,1.6209027198393387e-06
1.5943778243534236e-07,7.291549210751403e-07,1.5717798339242364e-07,8.152864847429546e-08,0.002662228890278038,1.8699432642955077e-06,2.283604925282157e-05,4.250634327760212e-08,1.9989090255154666e-08,0.9967732255164422,0.0005386498059936831
0.05783833187167917,0.831428485727291,0.0007397436354612984,0.0009893407940795495,0.00027227747438131154,0.00013749979883504002,0.019131864672414404,0.005927924450029161,0.06660798187290974,0.000832854865925829,0.016093694836993456
0.00011909909887891097,0.003502800712527083,0.003314707469343299,6.98401164304803e-05,1.3863378848292173e-06,9.090027056771633e-06,0.013506214921387531,0.9781162285443813,5.672328151202035e-06,1.2652047711008224e-07,0.0013548339234817786
0.003692783559425414,5.320565704161773e-06,0.000818131157577742,3.547937347959833e-07,0.10248108247881287,0.001301174822894728,2.708822021970841e-06,2.4914281229908314e-05,0.0006013574728012421,0.8889517385542183,0.0021204334915789083
0.007801514868769853,0.9894087443168899,5.451239720159963e-06,0.0007444521523002453,0.0009431834142432934,3.0917742581232225e-05,0.0006991615797543783,3.339181195917093e-05,0.00032725882943970933,4.9675213865374955e-06,9.565229556273507e-07
5.115761019274262e-05,3.8374720161847544e-05,0.05726667508016676,0.021890315062422037,2.6327023801197103e-07,0.6274804421832215,7.783732717033409e-07,3.8492335566953833e-07,0.29324561370283664,2.896366031119564e-09,2.599217776706196e-05
6.5180518583715484e-06,0.002226346827823187,6.948091193952534e-05,0.0001320481729894634,4.663608790833767e-08,2.8529465053948954e-05,0.9974467958852781,8.558510240573363e-05,4.2624609978318975e-06,1.9521970826500526e-08,3.669635951508154e-07
0.026479244439755023,0.09005155691329758,3.966579185070398e-06,5.767912236578387e-06,6.565978115137401e-12,2.6168313660799045e-07,0.18824758458902377,0.6952074327882919,1.4867828655839758e-08,1.1633467909992856e-10,4.170104344050364e-06
5.84011605612252e-07,2.4241170692665986e-09,1.2126086372668041e-09,3.394397703173118e-12,1.0437526078024817e-08,4.264848165891355e-10,0.9988682422826917,0.001131158700916447,4.991816905553724e-10,6.249891365974206e-13,8.482798270967954e-13
0.02411150709359638,0.05628727124174743,0.07416478770198122,2.7296068391729238e-05,2.0226607658578152e-05,3.6832785554096264e-07,0.0001643320412052083,0.6621111918342472,0.06377539194233517,4.7318609713681565e-05,0.11929030853126775
2.378799902636201e-05,0.002257980859175738,0.04438990633847527,4.32734087389298e-05,0.0002116122052128133,1.8216682443994527e-05,0.13424212089508425,0.8171884191770991,4.136530815485192e-05,1.329879177436094e-07,0.0015831841386710155
0.02473980946230751,0.0025739299090803735,0.002325885743487431,0.02447338925708183,0.0014562530608648871,0.8897166861003027,3.21183254058186e-05,2.4720251136119188e-05,0.05029208559215902,3.84194193079565e-05,0.0043267028788664275
2.1224739507282757e-05,9.090415147964836e-10,5.369648864222978e-06,6.96125795682966e-06,0.9998169177819795,5.324658986060863e-05,6.258282961035451e-09,1.163634983496605e-08,4.9522916999817335e-08,9.614781843844065e-05,6.383680205059704e-08
0.0476546060986764,9.192012220918133e-06,0.01120502739626772,2.265044383965301e-05,6.026602866848488e-07,0.8907170236700114,7.678767228448815e-05,0.003947179547065921,0.046352208686245386,3.231167259797801e-09,1.4718581933941409e-05
0.02259717092590701,4.236137746811306e-05,0.8250952665150063,0.023381490292835035,8.945200998466915e-05,0.08374524776562195,2.1669511406298557e-05,0.00020393314791818565,0.017512228734551022,0.00015969068329722746,0.02715148903600428
0.011556186925275503,0.03914118243886214,0.009332556471127728,0.0006872066043788163,9.907566055922613e-06,0.2898037220840417,5.543869517356336e-06,1.5939750951217308e-05,0.6494334933850825,4.465983121700044e-07,1.3814306394962636e-05
0.019262807700917067,0.016769969288222015,0.4158074579733492,0.0006418090345422786,1.2446320913372557e-05,0.0010875701492547541,0.33763902181871847,0.0002689774995012597,0.19290392082319335,1.4392033154954454e-06,0.015604580188072648
0.004404162064367876,1.6109235037589967e-07,0.0075949987765204,0.003969917351703875,0.646685447825531,0.09111209831657413,3.893000245141762e-08,9.241602862482893e-07,0.021952691308138053,0.22323072975092914,0.0010488304235964072
0.000792612772210057,1.7514722771557006e-05,0.00233644445625076,0.919351549696034,7.588792271784366e-09,0.0003232998917536095,5.470084863183793e-05,0.004457722959040332,0.07005679498476584,3.3630842465316015e-09,0.002609348716665486
2.643492416010304e-06,1.956225374821838e-09,2.3229609521757455e-05,3.374558787992565e-06,4.197015771376926e-08,6.185329917802177e-05,4.4198753665640594e-13,1.9342514665104336e-08,0.9999088110990848,2.595575694829856e-10,2.441211409996911e-08
0.00021870901412935652,1.733706379433e-06,1.9420885735160305e-08,0.0021246002152881987,0.7636005209597055,1.3773177408651473e-06,1.1039371235989587e-05,2.718671636660592e-06,0.00014347925905416377,0.23389575811364033,4.395030355409171e-08
0.4427498114207012,0.06060125336030579,0.02645547340532598,0.016588140125832363,0.00013922638100636738,0.01804419190539252,0.12640344858821095,0.010185932714489873,0.18172667844130103,5.644705798502624e-06,0.11710019895163548
0.003138428998744118,0.6271064846423637,9.547525467599477e-05,0.06104525078455652,7.3795254470049525e-06,0.00030591669098212177,0.002904402982867369,0.30353273113384177,0.0008454117460724817,3.990460209092403e-07,0.0010181191944280087
0.027396279627905078,0.021032071161597766,0.001801318929576884,0.01983516394224079,0.5132511879382381,0.000315502136673621,0.07136479089572548,0.19972088419753387,0.0010615432139318278,0.0453074367352117,0.09891382122136472
0.8958352604052097,9.45835415136045e-08,6.003399090501655e-05,0.007960480906649314,0.026267652726881852,0.00024869593244744755,2.478532193554874e-08,8.76777461108192e-07,0.06954146254336653,7.959743547597752e-05,5.819912739645248e-06
2.4904717309923134e-05,3.6458957815543953e-08,1.0926902326119922e-09,2.2639873707393282e-13,0.036016739638519195,5.0887360105494194e-11,1.4764216131233627e-09,1.2927730666535262e-09,8.528340917027503e-08,0.9639579960921946,2.3389661083133164e-07
8.932999779423955e-05,5.63951689545658e-07,0.9615183346950212,0.00013751684574059406,3.9232323121258706e-08,0.036292333027261425,1.0693713470499275e-06,1.0638671637878574e-07,0.001145069622775889,5.041943071555965e-09,0.0008156318273874171
0.985538517456323,0.0008082450542231655,0.0007290241281110667,5.037288099300696e-07,4.8583322287846095e-05,0.01092720652700367,5.735757721337304e-06,2.6179844152426877e-06,3.0304320080852075e-05,0.0018801526908332458,2.9109030190636986e-05
0.024209107228427253,0.00028352586677356223,0.09470100576663669,0.0326732651469555,6.490646091000574e-05,0.025101579561468423,0.00023060089076444595,2.779410991410661e-05,0.817395278152223,3.957391508161615e-06,0.005308979424418809
0.00039274323734597526,0.01569468987765749,0.001322769146321875,7.31172645076822e-05,0.8200949483982377,9.002163716176639e-05,0.0024572103851597574,0.0004689633110908706,0.1553303533307931,0.003848356249620414,0.00022682716210337296
2.1932956572419179e-07,2.232607749261444e-05,1.4666516889513105e-07,1.9774713452178216e-06,4.251359056954458e-10,7.788112642500684e-06,0.9604141325321056,0.03951254907309525,5.390771609399641e-09,2.9316139430300075e-11,4.0854893360486165e-05
4.041600618515614e-06,0.005153607385464909,1.0302008345213803e-05,6.646407027440017e-05,1.2869555371039565e-07,0.0030971489642993974,0.1004038590874522,0.8909931759585882,0.00025597532865716266,8.247001530188103e-07,1.4472200593304174e-05
0.0016047581141105556,0.9337417845269771,0.0021505922719364484,0.0047212133199280686,0.0014483437239367707,0.002817223800099655,0.007126811565769685,0.03201985527757225,0.002882549957646576,3.7610854625846777e-05,0.011449256587397
0.020164291825271515,0.001010061426138904,0.6030288264181779,0.18655007464723736,0.00024825108814008335,0.0005944123384889117,0.0022755350301579703,0.0002453250828999703,0.1854823154660486,0.00013478943573316975,0.0002661172417056655
8.519145797650573e-08,0.0006156363494844156,1.7634799761859324e-07,2.8094832893307767e-06,2.171631944210031e-09,1.3883244758526507e-06,0.9897403223911705,0.009639497531513582,2.7232103595683264e-08,4.796139186321554e-10,5.4497261106984955e-08
0.005702872225211662,0.041635852362445824,0.46666350455077743,0.005649687110696856,0.0014895444308298522,0.0019141166645096073,0.11195071818387278,0.2377108915110304,0.07381644225417312,8.178333978853937e-05,0.05338458736666397
2.7335212276052844e-05,0.0005467654854452208,0.9965617026238615,0.0018146182414103165,0.00010665918635708743,0.0007697864128454761,2.148676198735566e-06,0.00012990656676739945,3.145948136681275e-06,3.9965725053157786e-07,3.7531989450940374e-05
0.003368882029454753,0.9816378782152435,0.0009504515813074871,5.069411745661028e-05,3.312232220736337e-05,3.90239729465209e-05,0.004137644542669389,0.003484737753911976,0.0006957722624364995,0.00063435444545363,0.004967438756912218
0.649749933877656,0.12561079983553927,0.00013430696015631207,0.10339260806100932,0.006756344459982752,1.602409036685851e-07,0.05611504838320338,0.056649672607068775,0.00018336528536644687,0.0002118077733888487,0.001195952515725393
0.6923061761975235,0.01412668096524653,0.0005896293426083698,0.001533957442714075,0.1778585894578003,0.006255591387083078,0.001337807129386659,0.004874941069125258,0.0008054325052205601,0.0959777444537941,0.004333450049497466
1.048235389403306e-07,2.0866014441201556e-09,3.70041292581622e-08,7.409662642467578e-05,3.0273842716021126e-11,0.9998960196156363,3.7634327403490365e-08,2.1922179802364016e-08,2.9662175799477702e-05,7.35835937974102e-12,1.8073730552843397e-08
0.01192288651548753,0.949391347702425,0.000732895229689336,0.001498894959594459,0.013187349199905246,0.00026704339513557846,5.153244770978156e-05,0.0036411569671762115,0.002225215781054718,0.00022324943976512667,0.016858428362057122
0.8545964212901893,0.0029261216036186558,0.029209465958977453,0.00010585501496900396,0.0028644845733513473,0.00025354292541942685,7.927689355235549e-08,5.918657850338475e-07,0.1098603618759961,6.010988269955274e-06,0.00017706462653017282
5.389660852309634e-10,2.1105672331907166e-08,1.3452417238994364e-10,0.00010427309321380435,1.722457652503975e-05,6.5563947793992e-06,0.06921744528811213,6.50487613042812e-07,6.75400215031209e-07,0.9306526720492129,4.809311662199715e-07
0.00016005003799831049,0.000200119351199221,4.280600891636817e-06,0.00019522196610133576,4.0237526962556556e-06,2.268596789869369e-05,0.6127435979603659,0.38602111968918285,0.00013155311289859333,5.883738454826359e-06,0.0005114638223122863
0.0018212034244703623,0.007195111557803435,0.0024331874297286917,4.074416668757916e-06,0.00248113412279763,1.3342727456325373e-06,0.03571549259134781,0.15632600259264173,0.01437835111759117,1.415875428208456e-05,0.7796299497199227
1.6945807867462737e-05,3.34939297391969e-05,3.1753286030666647e-10,5.448857217588976e-09,0.7094319142092019,6.360361720459085e-10,4.394715556231185e-07,4.007025209558981e-06,4.4181712390351894e-07,0.2904994687283212,1.328260855497909e-05
0.011342563338487096,0.00393852617707293,0.8998963712165293,8.379971767535693e-05,4.6996838599497124e-05,0.0797241039112721,3.259334629969893e-05,0.0015103018707063587,0.0032898576149674006,5.48501617624682e-09,0.0001348804833742502
7.85435422889913e-05,4.5660775994655686e-05,0.8743062644998828,0.0006381888192560714,1.13001189539134e-05,0.09860527394328655,0.025003445496632942,6.970489648426364e-06,0.0007599117206378047,8.642397280702198e-08,0.0005443541694453352
0.06953508146450674,2.461105230726888e-05,0.0001780725634130663,5.2313981002464285e-05,0.7816754639344125,0.0950305851329398,8.981385425294991e-05,0.04939944053820097,0.00010814111035098828,0.0028224645100136414,0.001084011858599796
0.006765081696152816,3.3486957065727117e-06,5.0389704535779504e-05,0.00017602862994676855,0.05720448575375467,1.033961501445291e-05,1.1189331300274063e-06,6.235573748883094e-08,8.917525506316644e-07,0.9324214135566838,0.0033668393067871455
4.5184722224639136e-05,0.00013328751704198721,6.679649042266877e-07,4.5502930131394204e-08,3.7952110990504635e-08,1.3270601569365347e-08,0.9997152659846951,3.415002440249468e-05,8.809865021028255e-06,4.442079991182436e-11,6.25371516471952e-05
0.0097383756069096,3.921523446551167e-12,5.999582787539632e-08,1.810596742608279e-12,7.97134195304755e-07,2.597984521504123e-07,1.983836750696944e-09,5.417803354980386e-10,1.371933406102919e-06,0.9901567950828156,0.00010233791704428611
0.005943556274851733,6.194563820297901e-05,0.007357872831623698,0.025684791906377905,0.0006176717854686106,0.0020190260355509933,0.0045590235895092215,0.007268199303795127,0.9425253833514388,4.031403111978344e-05,0.0039222152520612275
0.012631697433419669,1.1004814083224398e-06,0.0011888504306415517,0.25407388279685256,0.032816119232978086,0.6343687185302357,0.0005686081338271348,0.027760828940405102,0.03638132333622602,0.0001084216557175009,0.00010044902828821117
0.0016817927062642726,0.0001455637855147599,0.00043652829446160483,1.3846840671542445e-06,3.4641367950852818e-09,0.02363903566392275,3.575394763999045e-06,3.2790274852048976e-07,0.9740886519093057,2.723544028785847e-07,2.86384041163034e-06
0.021764121148258937,0.5916986238412543,0.0030634344203516834,1.7134792999010696e-06,0.0134342529689735,0.00031186677395829356,0.31337495953332756,0.026271657285551687,0.0010333151250730898,0.007590994969151615,0.021455060454799533
0.00029169297639221255,1.143822540408086e-06,0.0002472748708441475,0.0006525355282003304,9.538693282014261e-07,0.0004654284915490951,7.839056599794937e-07,5.44216990418468e-09,0.00011836653176864391,1.2619110526120058e-09,0.998221813299636
0.9866077245702916,0.0002402045698349316,0.0001805826307674622,1.4808083637405249e-05,0.010968707588207562,6.57107231659114e-07,1.5210055603648513e-05,1.943239154839265e-06,0.0019626702161718336,7.4498684822615615e-06,4.20706167862294e-08
4.261150313865208e-06,3.5784684935822034e-14,0.005744518550931017,6.719131571260609e-10,9.602635819600984e-14,0.9942497788021604,1.2710721381852942e-14,1.9154438692072648e-13,2.634259162962646e-11,7.409947387319259e-10,1.4400570079305847e-06
0.005339914954209963,6.366298935742342e-05,7.029134548539449e-05,1.8402295056912077e-05,0.0005967766213190623,0.008318856826305022,3.6647033085634076e-05,4.116780556406002e-05,0.9855142571651642,1.2918285517485857e-08,1.0046167043699348e-08
5.10861117220892e-05,2.4563383857929168e-06,0.027088765936215696,0.8584984556443906,8.534653722603618e-05,0.04514132545021388,1.1182770874699417e-05,7.890512492954408e-08,0.06912125886824223,4.0825015785854037e-11,4.3396779008859985e-08
0.0008852365580592894,7.068442888699704e-06,0.00031835841427643556,1.0949869102588708e-07,0.023049759970287326,2.8509031754476548e-09,0.00012878635445387997,2.520800836735266e-05,2.312608258147116e-05,0.9750926026489659,0.0004697411705254773
2.5391867395681415e-05,1.3780595714910086e-05,0.005075994731144037,0.09304443425045215,0.0014092595698939913,0.900174113488083,1.752138345193097e-05,1.524229930273924e-05,0.00014425793921459925,1.6669401127442576e-08,7.998720594602203e-05
0.005919567442368888,0.0030802117052643433,0.0005485625417133934,0.0009878307335554725,1.3927563799712228e-05,6.97595798959925e-05,0.9364046381462175,0.0007772773020179246,1.909955715584644e-06,0.05199278972217006,0.0002035253072812066
0.0005284298452681661,0.0008497735226057923,0.00012811242257907264,8.305704790660276e-08,6.342350137766462e-05,2.261319100446768e-08,0.001421291684446106,0.010595996651298158,0.00024096550447983106,0.00021870688711878164,0.9859531943105876
8.013573383778289e-06,0.002713244196837299,0.00024527211003514055,6.40392343067947e-05,0.00011015950133186715,2.256104640823823e-07,0.0005534425933308448,0.9107631639356623,3.691757930028362e-05,1.1859739585081848e-05,0.08549366192576291
1.6673030059760563e-05,8.723722340043665e-09,1.7004885348386121e-06,3.032773168935392e-06,1.7582770114849131e-10,0.9999172513268169,1.5164417147531952e-05,4.67736260910598e-07,4.250739219623752e-05,2.274411635720961e-12,3.1939339906454445e-06
0.001428582041301718,1.3984619864272399e-05,0.001626156728445596,0.03540716533400242,2.7940280108405498e-06,0.7251388021303701,5.172092187119406e-07,1.9184216161491254e-06,0.23615410780043344,9.309736236653446e-07,0.00022504071311307253
0.00031418669759283304,0.962525949572041,0.00017465744241415923,8.985157352930222e-06,2.6170241333402208e-09,0.00014810903100927422,0.0007899801696674329,0.017354107953621106,0.018683587663497158,7.168899288397632e-12,4.3368861105294083e-07
0.0017550293253171879,0.27524176457811284,0.016852221490402018,8.181141519011232e-06,1.8472347002953828e-07,8.199959297274758e-05,0.4696196487098588,0.0020569690654153564,0.23431345812452486,3.187841853257529e-10,7.054292962278624e-05
0.20594326546728584,7.948394799773456e-05,0.03660863965735375,0.003928940492481333,0.006007876529093969,0.039581967512112466,5.841824417792729e-05,2.3948128215294323e-05,0.6884356054042895,0.0024350509741523805,0.016896803642839932
2.5496830978213554e-08,0.03383100260566277,7.708155485110734e-11,1.737416517734067e-11,1.269081891199171e-10,2.2095849183773835e-10,0.013966330636059806,0.9522026112989244,1.4840149543637635e-09,1.1709706093053495e-08,1.6326478794947704e-08
9.834966102591572e-06,0.006689000009960644,0.7300064627047751,0.00013280399707472324,0.00015325051342053318,3.561870693456846e-05,0.012952120216007444,0.09571208394668576,3.463793748491839e-05,4.360211061616068e-06,0.1542698267904921
0.2572832522727089,0.025224737502305795,0.020402072977792833,0.011145960243547987,0.41722526053355136,0.02549755985442008,0.0028894145461498834,0.04216130442463634,0.014425579291780809,0.14288016318538957,0.040864695167716326
4.462554777671872e-06,0.0007316183811666052,0.21548752535875473,4.906329538278894e-06,3.2472955269488697e-07,0.03849708528832916,0.010469006969033988,0.011368601058598962,0.7227161689999912,3.080991718417891e-09,0.0007202972492647895
0.0012562543682292577,0.9779480101700392,0.0024090673083572,3.5807035644505073e-17,0.010223715234697154,5.33256557670206e-09,0.007808951142229234,1.907875750324791e-08,2.0453221204248154e-08,0.00020101243747505502,0.00015294447442874327
0.026513305049920718,0.0018644159595808385,0.005200503153878611,4.5387794141755236e-05,0.00016055621636118614,0.9482187209038923,1.3027819385896086e-06,4.403532765346376e-06,0.017978315326985773,5.798002792651324e-08,1.3031300507026477e-05
0.002067728679542123,0.0818137868244149,0.0008269890988805557,3.3970801217716252e-06,0.0043615431697417596,5.247439067188878e-05,0.0009659116716419342,0.005465728214810375,2.0568888402684944e-05,0.8968102630559026,0.007611608925869289
5.728304305157934e-07,4.472363562587312e-11,5.324726765197388e-06,1.2379026223089714e-05,0.9998455453730647,1.3546930774552061e-08,5.6680927940766476e-08,3.2053015443737563e-09,6.099302118953586e-06,4.099719981046635e-05,8.900806370334903e-05
0.0011867444142138067,0.00015253308312280006,0.0008714183645848022,0.0001769755427015558,0.18394374039439926,2.8886226688299538e-05,5.8493200949468095e-05,4.09612730995697e-06,3.18728753823397e-06,0.8134159154627071,0.00015800989578474518
0.0064339523474408996,2.622623658926606e-07,0.8586512591710493,4.2145974633511325e-05,0.019200486425052163,9.362740015306341e-06,9.553708381745566e-07,4.727707710872287e-06,0.006430300132472259,0.0002820032131600881,0.10894454465526128
0.03479684831953175,0.00018111503326536676,1.7246974483227929e-06,0.00011654048137113315,0.00047832340331691335,6.126003457396218e-10,8.500851122341654e-06,0.00021983551024567745,2.719192710813033e-06,0.9641630954536083,3.129644477907539e-05
1.5057884003712013e-05,0.7364519837587357,0.16251263300274743,0.018668213427689366,1.4495475756612736e-05,4.7565642137502286e-05,0.037265668576474766,0.044646117952885825,0.00016821227023682627,1.3616936097815423e-09,0.00021005064763875996
0.003547200391325565,7.800955550545455e-06,0.0003237495308303335,0.0011356243625724885,4.854741671113263e-06,0.0006480528635666878,1.9425748636161777e-07,5.601632740881747e-08,0.9841167410167511,4.1682779939725724e-05,0.010174043083978714
0.0048580598918136954,0.005038963257452581,0.6992528193827475,0.1289882374730895,1.946104584020828e-05,0.15894309136889256,0.0007438980201134967,0.0002492646219241161,0.0015379162071469216,1.979396408125417e-07,0.00036809079133863807
0.007015795167813812,0.0463972597527913,0.0004756294956757574,2.030214497545286e-06,0.004060233244908223,7.33046858718254e-05,0.014561407515570175,0.00015212631718020513,1.337704685621577e-05,1.7936155362033777e-05,0.927230900403473
0.0001171466383440689,0.9765675072775558,0.0003832017878529926,5.945904351603875e-06,0.0018551889455947466,3.7730193347855987e-06,0.006482339767750837,0.0029929735467292898,0.008913086143366823,7.034632741930683e-05,0.002608490641699768
5.000316186622106e-06,0.001367293985050402,1.98395008228734e-06,1.1960928957852356e-06,2.023012944526347e-10,0.00011782090037061972,0.9864616415996422,0.012020633750972589,3.175396699054267e-10,1.3736127242196413e-12,2.4428883585017714e-05
7.233121253175349e-05,1.7598815315455878e-06,0.00024320174730955743,0.005699962396293114,0.98279672129633,9.135380830755143e-06,9.079136046860967e-08,1.2551786901261622e-05,0.0021827937642209068,0.006344220783505962,0.002637230959184803
1.5071630445704684e-06,0.0030195366568488997,0.07281303625489868,0.0002195206551133118,2.2822051787157006e-08,0.06134638738467014,0.00034576376265031125,4.273709544159882e-06,0.8622496190069828,7.242047153116303e-11,3.3251177486560635e-07
0.029807012849787474,4.29461835287154e-06,0.0003545693908402178,2.9175295569387427e-05,8.971794912866755e-05,7.749702385172207e-06,8.089057440398192e-05,0.0034628185539059214,0.0032216293812309628,0.00021651225032540526,0.9627256294340699
0.0029812772964603893,3.7192660565394116e-06,0.006604698291165141,0.9837785988860882,5.514122176101227e-05,0.0013461538789373566,3.516305010038171e-05,3.070301336490347e-06,0.005176106291067136,1.2788277826140048e-07,1.594363424894733e-05
1.9988730887998106e-05,2.0023329751596636e-08,0.0025264593784512326,0.9958092422462032,1.9172067210397922e-07,0.00163922877762925,2.413133469838837e-08,3.1263201024437785e-07,4.0608059367850925e-06,1.2773825528559394e-11,4.7154077093981925e-07
0.0038408054310116024,4.555579190062707e-06,6.32161011427925e-05,0.00046516648317062134,0.5728002660524028,0.001642294152528024,2.211823145067862e-06,2.847754871216826e-06,0.0011166841404850669,0.41756218702782627,0.0024997654542266096
1.4097860087738961e-07,2.1362638948358283e-06,8.4086501669125e-05,0.0001106649165466982,3.494398058529836e-07,0.9997474727620365,4.6671289992852296e-05,1.2613565078799627e-08,6.137155122540562e-06,1.2213127900386684e-07,2.2059474867730883e-06
6.610511893530099e-06,1.7097749176574764e-09,0.001235463133012174,0.995141187234141,1.6758065113289312e-07,0.0035479011594694424,1.752245054534013e-05,1.698372950549961e-07,4.289507020661954e-05,2.1579273135310347e-10,8.081097218191945e-06
0.02604689233176649,1.3553208416390666e-05,0.0009520317033289796,0.003751234165083019,5.062026530946972e-08,0.00010421405743867325,5.827859857411129e-07,2.2644686273192882e-08,0.9691239988311469,9.33704404242709e-07,6.485947477937117e-06
9.033010649247968e-05,4.5617291360894985e-08,6.423050827809356e-08,1.0518219406721479e-09,0.016513115135524985,1.6261968302803592e-10,1.418301858872011e-09,1.911563278305863e-09,1.4217269418802653e-08,0.9833821264012992,1.4299747307546494e-05
0.0003831596781169099,2.3491049000578894e-09,5.194161302227346e-08,1.3275040475408133e-06,0.9880679297527959,2.9885277375384594e-07,1.5675977291686418e-05,1.2216436766569237e-07,0.00016576439766343204,0.010744869715380459,0.0006207976668447122
3.145005274242656e-05,0.010948316443298757,1.6177331251024425e-07,0.0001469849002508307,0.0001373352924050576,7.583007594234168e-06,0.07591550397401578,0.9126135747277815,0.00015875350890815352,4.624216709514441e-07,3.987389801975023e-05
1.1620532099440119e-05,0.7308897488383335,5.373821517772644e-05,0.0007977568890494164,0.00039999484188713523,6.303452437193392e-05,0.18349651794290314,0.08409082421571261,7.271812822110266e-05,7.408562385825265e-06,0.000116637309858291
0.8737975894043875,6.266753727153303e-09,0.00016457787925998576,1.4614087045540052e-09,1.7271001056896665e-06,5.729227632571092e-06,2.550327716647651e-10,1.2498652836745072e-08,0.12353004791682669,0.00010633963642404439,0.0023939683535154402
0.007027196947651479,1.403329082776343e-05,0.011262260873319165,0.020055356489272678,0.005057476248374166,0.9277988035335265,0.007163547392507875,5.7944866216881894e-05,0.010041086701478113,3.2445251088219523e-06,0.011519049131716601
0.003790307817439346,0.0009066100510221002,3.6150973792156196e-05,0.007793015611970913,0.9742887094153975,2.2046147175020596e-05,0.000140300106835428,0.00012410299740984936,0.00031901948840422947,0.004709094785822281,0.007870642604731267
0.003452263333409875,5.47990718452806e-05,0.989917270520662,0.0005794932171455919,9.648438942003094e-06,0.002671658584694571,3.65106380993318e-06,0.00023945801383396247,0.0002896559214536422,1.8542019576609276e-10,0.0027821016487828733
1.1962218280576606e-06,7.704887284373513e-06,0.0010600783259010374,2.234137280055456e-08,2.1039664995308193e-09,0.9978042150662525,2.2629010242353468e-07,1.99202521813052e-06,0.0011245625529317663,6.381270507566392e-12,1.7876076036269583e-10
0.006296133054249005,0.10856138587100826,0.21760519589122596,0.0011021727024530703,0.002326905859632612,0.6062537095164189,0.016871236869159707,0.005673945246054797,0.0017260030488321495,1.8706363174517373e-06,0.03358144130464813
0.000879044968880319,0.03547558299510209,0.0055861096327315864,1.2419023762363456e-05,2.040610126931188e-06,6.923084964303457e-06,0.9278551073826424,0.029293206543288177,0.0008815113098663944,1.0188785335313145e-08,8.044259850365027e-06
1.4583352714557533e-05,5.82116554583137e-07,1.5339960225185571e-07,3.283265999752833e-10,0.005986326350497846,6.822282807958045e-11,2.5586265483864927e-08,7.511895077173672e-10,1.9023498749147766e-08,0.9939871473419526,1.1161681174832264e-05
4.836278453804801e-06,0.0002491533296260332,9.486816717759146e-06,0.00011605939435902155,2.889404738676339e-11,3.137815567514414e-06,0.8960991067198673,0.10340151345029017,1.3314522188292306e-07,1.4059293700581297e-09,0.00011657161507316512
0.0033180657291239633,0.026596570815731108,0.964123913576844,1.0104211301907345e-06,4.503260629207618e-05,0.0013702268841057296,9.553996057852469e-05,7.483670463617344e-05,0.0012737432540831646,1.4184339104332618e-05,0.0030868757083708626
0.0007702071201141505,0.0004936933205459903,0.9446429279516585,0.0009879905063622022,9.740794423153901e-05,0.028671199691762017,0.0005081688439357459,0.0009729649133469303,0.011431691526001911,3.172836641047594e-06,0.011420575345400148
0.20698741836594378,0.007239186923539867,0.6799208129965153,0.002514504346457783,6.447561011736901e-07,3.975008062723449e-05,0.07032569333041348,0.0008806760688638932,0.030628443329709956,3.4649450660739124e-09,0.0014628663368826311
2.7257329110330077e-06,5.525595152259423e-06,0.9693982787046992,7.027454633442902e-06,0.00948764149165508,0.008315634798813233,5.28757005207222e-05,1.0167033223962457e-06,0.012694410307752212,5.62986006687929e-06,2.9233650473624e-05
1.363119937523323e-07,6.944491917244522e-06,0.012477430448788001,2.0198105599557594e-06,0.0003040930797246368,9.745061734506543e-07,0.9871912588679674,4.275961938310377e-07,5.913667820171985e-09,3.545992774454625e-07,1.635437373627629e-05
3.2557538679214875e-05,0.006367813985611468,9.999991069758228e-06,1.620832240931948e-07,3.8724881033672376e-07,2.8609735905846767e-08,0.9702294429173399,0.01782625012124606,5.1689137522497086e-08,1.7979999811423595e-09,0.005533304017145721
0.00022313279033587077,0.001273331069709864,8.031978881004246e-05,0.00021466468840004155,4.311266129836903e-07,0.9132978721248959,0.00013602848673938345,1.4160479730110496e-05,0.08474764640268267,1.018064514921061e-06,1.1394977567978114e-05
0.0014163836302385044,5.3312042970426005e-05,0.0008182451915421175,7.2895332369773804e-06,5.802975743623269e-07,4.385684913887707e-05,0.7330490703096814,0.26455928414985413,2.8063834736840994e-06,1.1359853526651719e-09,4.917047630391675e-05
0.9904095721987285,5.6373425537178266e-05,1.5265827351476995e-07,4.4594882123960616e-10,8.727779720396401e-06,4.956636692041427e-07,0.00017506643370505752,3.6867428729501023e-06,1.044440165951149e-06,3.7930804614890013e-06,0.00934108713091696
0.009024781342086004,1.0913433702202812e-05,0.9813324082001595,0.0003319907795750614,1.4154314689409884e-06,0.00018538498373515968,1.4149265290837985e-07,2.3299487399800762e-07,0.008844603391784637,5.3707848395045825e-09,0.0002681225791765867
5.430101643284933e-07,2.8793742247546865e-06,9.074474351917366e-06,0.0006328245898033903,0.8434023153844097,0.00022772156824950614,3.9451773837639324e-07,2.9775605687368634e-06,1.3284594769433716e-05,0.15524725771918144,0.00046072720653864916
0.00045393042611766645,8.081689047235134e-05,0.013870573446027604,0.053851763775243866,0.13800843666354246,0.002543006770348835,1.787440034470169e-06,4.093340086517153e-06,0.09997257226937765,0.010959816952671828,0.6802532020260768
0.03786528411790834,0.0011252233215568621,0.0023733507536304876,0.7142021177210319,0.01629119368884304,0.008661726103529013,0.0043167958997081535,0.013665443716392918,0.0019560977241357734,0.0007236474692664771,0.19881911948399708
0.8527585862464362,0.008879680458743645,4.85225619445584e-05,7.971628419792501e-05,0.0008986397496221594,1.7727617833396855e-05,0.025671547725133425,0.0017145743465069867,3.8582328282066676e-05,0.0008255360387477989,0.10906688664255185
0.023337863641031895,0.9652405696885047,3.8835367288909e-05,9.816668397664206e-05,3.854586823432198e-06,6.896873474815242e-06,3.862672856931625e-05,0.0033883002591349387,1.549434406099644e-05,7.424245209468528e-07,0.007830649402613788
0.1000439144449796,0.00029495227678564694,0.012811356943760555,3.260844793235468e-08,1.7095023357737455e-06,0.0012072214423394152,1.9272895316460667e-10,9.057092613279001e-06,0.8853485866982975,4.250704329294759e-07,0.0002827437272783237
0.001579542127201725,0.0003365588210183545,6.784188741380802e-05,0.00017731084606548722,0.9884944302977863,0.001347467809668298,0.00047746077589373573,9.914502740521856e-05,0.0024050113580327023,0.002063460733939223,0.0029517703155752255
0.00024229961206478557,0.735583580961644,1.8660795275579187e-05,1.1241043428975981e-05,1.2621174545063277e-05,7.892541256194012e-07,5.928874881109534e-06,0.0005236653363929333,0.00027156904298421134,9.877658609543575e-10,0.2633296429168917
0.000132608526626151,0.9582878651989385,0.02016161406689713,4.142454415747601e-06,0.016127435575222525,2.0458577066219717e-07,0.0002763239484011019,0.0021478813274510644,0.0006447642100754731,0.0021393301254968144,7.782998070497672e-05
0.0036503662007409585,6.710801639489556e-08,0.00011992733728072797,0.003561166186132023,1.1630430384802985e-05,0.00030525082267706175,5.4382718594448684e-05,1.9100383174875073e-05,0.9755056380847614,4.6103849902263766e-07,0.0167720096897382
9.166926610116646e-05,0.00045919838510316145,0.001236654673554343,4.3462329527182544e-08,0.8618749924028988,2.3211513620324747e-06,5.472738698823282e-07,3.902742761627709e-09,1.2093849094565885e-06,0.13629806531308405,3.529478404462669e-05
3.6559783698908185e-05,0.020061707988051604,1.8243349940860082e-07,1.9312080153984985e-12,3.287610281415664e-05,1.3416404277313774e-07,0.6322068616416775,0.3470580091581682,3.275352815735876e-07,0.0006032032292070656,1.3796162762730752e-07
0.017255271153470867,0.002084156024164621,0.670473519925465,8.638084296897945e-05,0.019289495197871136,0.001402655887445313,0.007769841278509591,0.08394427864373259,0.1933082096842074,0.0020778470574518964,0.0023083443047126877
0.008861165551684161,0.015525948773049561,1.4576083789192668e-05,7.843878839744362e-07,2.9893588198567187e-06,8.82833025156646e-05,0.032417403133179604,0.9393116495531786,3.834095806269233e-05,2.0878587188979654e-06,0.0037367710391177345
0.01253456636721804,0.0007276289826979724,0.0010034346528359497,0.22087157258110002,0.021359722801825652,0.0017663217285493204,0.004714714637410583,0.00011432278877789109,0.00468067810413318,0.0007423650584533124,0.7314846722969981
0.00012136713640264256,0.2971243869568505,0.006950713633200804,0.10701358654780502,0.011681098728636895,2.2847229018975105e-06,0.5578408854827673,0.00033930798104256577,0.0005595470154985782,0.0009344255801385557,0.017432396214755053
0.0070927484521244605,0.01697923900541539,0.018821756782405535,0.0003722210501575485,0.0014979408234928578,0.00953115133037667,0.008828421329711502,0.9217357854954258,0.013379558094708791,0.00039076952341667015,0.0013704081127648394
0.09075852310850131,0.1109440155466748,0.10440194729285593,0.13236414726472986,0.00010807073315236904,0.0024985225450452745,0.13325586700794978,0.013267493912585757,0.020585579244957197,3.30831781413237e-06,0.39181252502573355
0.016322283818536044,5.072965424897498e-08,0.9836415869966945,2.6988938200104267e-07,1.318917540964442e-06,2.1125326867795382e-05,4.840635932082391e-08,2.7706408578827993e-08,1.3080732571516212e-05,1.1502720679737092e-08,1.9597326446110857e-07
2.0812508454493266e-06,1.3230959347189974e-07,0.000331222008732061,0.10539181770364116,0.00032592307183359733,0.030394780354514095,1.6487219177099879e-06,3.8407559901516793e-07,0.8632445453548045,8.918341593665799e-05,0.00021828173258213102
0.0001009830757772136,4.385711873095842e-05,2.0534119223581664e-05,0.23015239915880245,0.5914411281421332,1.1264196510993675e-07,0.0015037771424515104,7.887261963494539e-05,0.00021168020210818786,0.15780829610126051,0.01863835967791246
0.00012102891385523215,0.9275229363181163,0.05021629042076857,4.014095146041355e-05,0.0012214190604303834,9.612336191602701e-06,0.0008461514524020179,0.00017376843078023953,1.370387086901784e-06,3.2392883928873385e-06,0.019844042440515203
