ARA,CHI,FRE,GER,HIN,ITA,JPN,KOR,SPA,TEL,TUR
0.011224614034619313,0.00496535351700875,0.610329995008253,0.12417841357316024,0.002230175431502469,0.18794874751375032,0.004798735651595645,0.009356443121017072,0.00681189496563061,0.021338633939576857,0.016816993243885723
0.010107931907804239,0.0004968126476205275,0.9368779065677317,0.008366109915416782,0.002724567223955994,0.024181529538322203,0.0028864515351144484,0.0024756930716059197,0.005505347994542304,0.0016218482617716022,0.004755801336114207
0.0004067423908342752,0.016573967445257513,0.0002919097707988474,4.808047824219752e-05,1.8251687934989927e-05,0.00023959598003494187,0.9672910089788912,0.013993004942327926,0.00017666352571408937,1.482824990624534e-05,0.0009459465500577507
0.02695160941059731,0.00021724687625844448,0.0019353327625105633,0.00745728473185008,0.0075713514259366415,0.00034723496260778545,0.0018866410689570273,0.001718383836788849,0.00046492815426563816,0.005199372546215678,0.9462506142240121
0.011847509999708137,0.20624117812710716,0.033623056278026385,0.010915061511037232,0.0003268880559985912,0.005079373096011478,0.01047982680754385,0.008205029993785697,0.008390183321133211,6.256825815551566e-05,0.7048293245514926
0.0292897749685024,0.009483182567354071,0.10568515994549345,0.053607262112942505,0.0012763967674011454,0.5804598351915877,0.061502055948381595,0.03499650155834219,0.09733816370710358,0.001085262541890429,0.025276404691000946
0.9178596028407363,0.003926120251333971,0.001344282583835626,0.0030863341401670148,0.0006531707397127757,0.0005901374407440619,0.001726556587230673,0.002515341763130629,0.06536191158290285,0.00029642250585727855,0.00264011956434906
0.00025851193872746767,0.7187637981156353,0.0011928047776796613,9.623997930781984e-05,8.53763865169068e-05,1.9034579295522682e-05,0.19890192847591767,0.0716955351042798,0.003047079173319047,2.661545698997829e-05,0.005913076012330932
0.05150703313733842,5.7976505860775925e-05,2.8257627570602883e-05,0.00023356894344316511,0.00046309122721358036,0.00044002694626501246,0.0002988942049345567,2.6312199366049533e-05,0.0023969701518111656,0.001336169307124027,0.9432116997490725
0.0011280182277017274,0.00018088725935868236,0.0001396129599040442,3.9851266814143474e-05,0.48738855644981605,1.797399944462658e-05,9.989950379892024e-05,0.00014236694995391794,3.797820845557481e-05,0.5104954648465849,0.00032939032816705905
0.018463495479278526,0.9240280234726922,0.019189151895468836,0.002914303569199094,9.709090415732289e-05,0.0008418350412907976,0.019713344934589618,0.0035064609520208535,0.003918975016289384,2.962242563454916e-05,0.007297696309378304
0.017106429407714452,0.046650539493277444,0.1535924537442889,0.011663178135056958,0.05384872414607553,0.005621590151811489,0.003198282566848979,0.011013004293271934,0.003901414221524301,0.02015542507703872,0.6732489587630915
0.04233341500923577,0.1346886630687201,0.024602066525277223,0.0042291618268893985,0.15590131660339157,0.0024409886997283823,0.014940566238994531,0.09236904556758635,0.0836265131919473,0.3958308248180516,0.04903743845017758
0.016744151081578573,0.0054923994830432836,0.061225680619193465,0.004820198378949904,0.0010768105913132348,0.011447443775834464,0.13191074628392588,0.5609695538273327,0.01077533773108511,0.0008707225705125805,0.1946669556572303
0.9417734307151322,0.0003175912264956064,0.006940976873190967,0.0001573248490697869,0.004979146291884654,0.009777337567021625,0.001067727927754691,0.0011057868683440116,0.01486112548429234,0.006494919281661768,0.012524632915152326
0.00011680817458597626,7.658307464364156e-06,7.561812467887877e-05,3.512735175261431e-05,0.8458458394955222,4.075642635130071e-05,1.170871804648235e-06,1.036456548711181e-05,1.1622949051173728e-05,0.15378849749449516,6.653623880605962e-05
0.14518488507282493,0.0007055965315589101,0.04472852853399561,0.018936314883549712,0.08120844303051711,0.01007805153532572,0.0007095331436577842,0.0007310288000961513,0.6661469132674598,0.0066649658704852855,0.024905739330529305
0.0011588366917780462,1.9264597129597053e-06,0.00043979582760123606,0.002795444883004635,0.8407694106714857,0.0011994038920893882,9.039816089833815e-06,2.2580579543081582e-05,0.00035725220863854883,0.1528227912154147,0.00042351775464229157
0.004266629497261669,0.21777603043298333,0.0167089920669511,0.006693019411147921,0.00042208351792396193,0.0006633009574006432,0.5213363413919783,0.11654058457643986,0.002124360445312768,0.0003405908946490362,0.11312806680795141
0.10340364413817887,0.015171257139191019,0.017343638191706534,0.0005818133328485086,0.05314159627526696,0.7257184978897957,0.03257079437719686,0.029326872098609964,0.005689926255059593,0.0013289230167484413,0.015723037285397534
0.004878134107209858,0.000699295051865808,0.010153786939981375,0.003026650157448467,0.008915874912776983,0.0013937447561209841,9.949194843808545e-05,0.00023821300984464707,0.01327046335724611,0.0063657411269620766,0.9509586046321051
0.4648345061531923,0.0038562806624337794,0.006910755695458588,0.019288483301843313,0.3194628189587506,0.00501607530994028,0.0030951120018869655,0.004813436031335957,0.012070561794948052,0.13852769569473952,0.02212427439547129
0.7966748844389344,0.0002933424790149848,0.02055999557661811,0.007235832193282732,0.05637328614306609,0.006652153745013,0.00021382681465157883,0.0005568127062595748,0.0878790238025039,0.010634630772139775,0.012926211328515971
0.0010675564356331388,0.00456548901425246,0.00019273257658297094,0.00020877370750526904,0.00026534251836930815,9.596925168238986e-05,0.9441143876832578,0.04774126521804101,7.873138820708466e-05,0.0013465158391944264,0.0003232363672741914
0.004364652855823732,0.007456343044167348,0.9658342394445044,0.0003272324705912393,0.0012715582357321364,0.009487902299233531,0.0016730471093799133,0.0021191717910411605,0.0007899017123214464,0.0025827180150218365,0.004093233022183538
0.00030912324499658293,0.00011726101033422007,1.9057659334079762e-05,3.272503180167925e-05,0.122167761406127,1.2810627040111914e-05,6.717652397129929e-05,2.6342148736556423e-05,2.240381222240596e-05,0.8765303504010773,0.000694988134359246
0.029241805836401367,0.7352840864791307,0.002516706754518169,0.002402441232459482,0.00282767389976687,0.00021947850417650878,0.008918911401342973,0.02283608040397916,0.008310634048151208,0.009501906424223978,0.17794027501584994
0.003179967278883654,0.017238899638186776,0.009352215055185435,0.0017451899295578166,0.0013183439640919357,0.0006570834453277788,0.07699727153111725,0.8655341359759164,0.002771563853653101,0.00023153153640467558,0.02097379779167519
0.2002129437178512,0.003248499361815963,0.02184192186154802,0.00046068741054397977,0.15424458366315277,0.011141180333820597,0.0031771107104295033,0.0022508283235747957,0.006218984644986622,0.5101433132015134,0.08705994677076269
0.01765231141082989,0.5224136568371629,0.0063970656986000575,0.19743471119700756,0.09379381240757187,0.044265845901967464,0.009691838140665932,0.0017355534745296752,0.06844431923688403,0.011230511031334047,0.026940374663446745
0.0022509143880535014,0.000377508608863538,0.03771100883007334,0.007051935092907645,0.0004175391378756535,0.8349060007166969,5.512289682077706e-05,0.00033663160949304723,0.11164240847166457,3.716922449135639e-05,0.005213761023059971
0.00019559178122258245,0.007070680308661103,0.0007643580885095701,0.0005601545146547021,8.824366688017102e-06,0.0014882877614457077,0.9296502852948098,0.0491609333434,0.010085662537430852,2.1030673141796054e-05,0.0009941913300359497
0.008349367846466617,0.18647781806383626,0.00269138261154284,0.0010313340223327876,0.0003245190831097084,0.0003787877467824649,0.1648393912351371,0.6272635580267688,0.00018828444669238782,0.00019177645775794887,0.008263780459573107
0.0004882691383890447,0.0007329123036074147,0.00011195477074556963,2.2956924164773827e-05,4.8762220552874885e-05,5.813117442980813e-05,0.9474927936600469,0.05051645732797529,4.329405966215627e-05,4.973576818205287e-05,0.0004347326522440166
0.03128714962671838,0.10265373326790782,0.017048149538621427,0.0011997408066549175,0.002493249012123072,0.001547536657739961,0.07361603914279137,0.3431932988560173,0.007425931439899193,0.0060085843171587775,0.4135265873343674
0.0019049728622317454,0.0886128322550614,0.016501283421472737,0.00126022722200365,0.0003135879210152061,0.0014747288099798827,0.6797498033212633,0.20288181777691622,0.0012305849114121507,0.00024701175782955567,0.005823149740814353
0.03895957008219393,0.003751305492316866,0.012208625541470518,0.03474909878968147,0.05011276694511877,0.6810543439543894,0.0010240580129892236,0.0010920381540934017,0.16263954461468189,0.008023324616759631,0.006385323796304871
0.003094075338743729,9.987598939004347e-06,0.0002799550574766286,0.0007922714320567844,0.736330002056481,0.0016468428239234383,9.129223402971939e-06,3.653252938546794e-05,0.00047460703865825026,0.25545642811871916,0.0018701687822130064
0.006282015205108338,0.00021111698472519948,0.007446102407384719,0.001339563762940161,2.9752693283631057e-05,0.9712315076970335,0.001121311874607322,0.001967833393443687,0.00982542387943825,3.455728975374146e-06,0.0005419163730590445
0.07542069541869444,0.012941894356657886,0.6325270439523261,0.004148075582887867,0.007530598231752579,0.06980651920987252,0.006828915361684899,0.02899351495700026,0.038701559194967705,0.002299496445105672,0.12080168728904998
0.036470668444308775,0.02581963423441729,0.023490093782218342,0.006115618805565031,0.0005352377106076663,0.02381227828483193,0.005303345135006243,0.002836615351119491,0.8696218560566954,0.0001432187912055292,0.005851433404024188
0.08529120815337181,0.45101134894657535,0.13021968037303883,0.015120261136004575,0.005676719162125036,0.001650456847490657,0.05675648590068312,0.1281159509438691,0.09145618716734333,0.004380797810269139,0.03032090355922935
0.0024133068363608344,5.324022054250537e-06,0.00033582289819504443,0.0012525509715957234,0.8514271378221662,0.003053532411347878,3.558620425259739e-06,4.116269115387445e-06,0.0018303248590806473,0.13929556956705805,0.00037875572260017494
0.02920250380395794,0.009524139098913661,0.027419330411613856,0.4674076914985134,0.008595462860670334,0.0024411527457176186,0.055844120036643324,0.18137106304601336,0.01351674821614998,0.0019184486029645113,0.20275933967884197
0.004207376556065887,0.001931822617687525,0.021001179011438147,0.0014512892282829166,3.601965200664401e-05,0.031624109569330414,0.00015907410246183471,0.00023449327428263342,0.9391886878837701,2.9647902808058217e-06,0.00016298331439267802
0.006706909795646487,0.0020813368104620773,0.0003283397501371942,0.001309541000041961,0.3863267284219824,0.00016240384262268263,0.0006485545289251695,0.0006079163441524254,0.000851135462401357,0.6004556986126024,0.0005214354310256244
0.6008180081305281,0.009130308556189173,0.011672841230431965,0.02195344645478329,0.011030981639712795,0.07865483436012045,0.027082036209943056,0.06344665670895436,0.12834252200175983,0.0021705829547650607,0.045697781752811494
0.0029838740616379734,0.9375207655174436,0.007064311849554044,0.005090777319902499,0.0006123381909585175,0.0006293936437062264,0.0038078101432981537,0.02990478031139198,0.006008959943721498,0.00020780841021172705,0.006169180608173619
0.1159614128383387,0.023460608541274817,0.015190621200113621,0.009491576432015654,0.4596358254663075,0.0010458470021103114,0.03095742012543804,0.046886731955123793,0.000791014737980699,0.27599985643025937,0.02057908527103747
0.9571169500102122,7.451847321908978e-05,0.0008126656732207292,0.0031858672978120625,0.020579281404183337,0.0001505805323287865,0.0001859396748175865,4.502463836252967e-05,0.014892008382484587,0.00279489230835754,0.00016227160500201639
0.004785351031487574,0.0005448237450107071,9.284632600342723e-05,8.464538659817708e-05,0.0961128608928608,2.686572288582462e-05,0.00041784116612166293,0.0006231698764164694,0.0004398312315421651,0.8921365193195848,0.004735245301488414
0.041685684080648266,0.00024781124274965443,0.7900977385879605,0.0040096836000254165,0.0005987513597005643,0.08996826293456212,0.0012032386283699935,0.0006049525773403924,0.021373131110057845,0.0007249066725353558,0.049485839206049535
0.9307003177432543,0.0005419645436141122,0.015289183992657836,0.0009646949017307188,0.00701417640173014,0.011290805074741204,0.0034989366570859384,0.005113881475899956,0.010857650517969887,0.0034982742824181934,0.011230114408897969
0.03560743985216741,0.00420721553369192,0.046688281366946235,0.03240496856282732,0.005854793821690794,0.016061573512600753,0.0018112600389457005,0.00384513756926386,0.8217835655002428,0.001565938316847473,0.03016982592477535
0.009404167585389756,0.008831661102877256,0.08686785927087441,0.048942722064796246,0.5763557616100118,0.026304598259739645,0.0030065938235043256,0.00313296787896312,0.04386790779764393,0.17896997459089822,0.014315786015300806
0.0021149443523158966,0.0005814891433194575,8.089474724435759e-05,8.024745078769238e-05,8.126372677789672e-05,0.0002253449073833379,0.944937077346028,0.05039755692433027,2.8818636008426708e-05,4.935065202589966e-05,0.00142301211377894
0.0004317289741926543,0.014097257312672999,0.0007788107420324688,0.0008683736932551059,0.00023483700211536022,0.0007857405344030244,0.02390072327845789,0.9459178419829923,0.0007858059108876577,0.0010401980339211955,0.011158682535069669
0.004944633180839888,0.9067875226996814,0.006237287402930624,0.004511925630180395,0.0013538325482931087,0.003694717471062808,0.012111699481145188,0.02372054667376493,0.004866944897578066,0.00013942586186127862,0.03163146415266246
0.014838888202488831,0.00033833115364553513,0.33412054246215966,0.00985189929773409,0.00013424090555515486,0.0023051339024346995,0.00026335691472514667,5.5736857684229705e-05,0.6371507502722896,7.015338876401262e-05,0.0008709666425192314
0.0009542432621068716,0.003936288665977286,0.005581829530832707,0.0011751861191814116,0.00082635540471432,0.00027155741969911077,0.8820277758692635,0.10102675619131778,0.0012114567822415253,7.059462800275669e-05,0.0029179561266631064
0.008550191298725099,0.08844140118192904,0.31376343040327337,0.061946431030425415,0.06751811042602343,0.018072953534914296,0.023428868655724647,0.2759879025789453,0.08067482847663689,0.008956342138099767,0.05265954027530308
0.00026751719496504193,0.0032720898964428394,0.9662894900448353,0.006240244906452767,0.00017666226479628975,0.015683501277373498,0.00031849869395332694,0.0016243304443541184,0.005292671436715306,2.7370620734465846e-05,0.0008076232193769633
0.07687435868107717,0.6386206482990756,0.005991847882523904,0.0005391923343878852,0.001852068960624328,0.002168301944533778,0.023518884827724837,0.0045194041016202585,0.05031731514085481,0.00554448181537337,0.1900534960122042
0.908185635284685,0.04159383596257972,0.004067344328293855,0.001905193147462792,0.0017866193494240651,0.0001527930398271088,0.007147547929394427,0.030040598508497267,0.0015121906806135424,0.0015725725898869463,0.002035669179335824
0.28667447553123554,0.0955374468672094,0.026128486859121093,0.012193908754883286,0.4711628340081307,0.003913324624577156,0.006192064205272695,0.015602084314457285,0.02175514066888358,0.05178367855114054,0.009056555615088667
7.104818960540981e-06,4.324388087781985e-06,9.624866349644806e-06,1.4044392435811513e-05,3.636629823453409e-06,0.994993327565352,6.843665634040195e-06,4.667469893791607e-06,0.004943309968953929,1.3787666944910126e-07,1.2978357839505762e-05
0.012491491953860814,0.8284533290594808,0.007575364925247857,0.006769545393594442,0.006456077086158615,0.00591900863289143,0.004348607704827526,0.010773832251361578,0.006838579963809817,0.005422798067291907,0.10495136496147477
0.6433378087692804,0.0017448460856461854,0.047344047302405566,0.0038879095283578914,0.010614963739823383,0.009998715381448435,0.0007802840962849272,0.0006322183722978685,0.2102312128905306,0.0011778288826187636,0.07025016495130565
0.002997628649334418,0.004758136590657618,0.0004969467967910128,0.0011480788904741708,0.11723850726405521,0.0002210526488430342,0.024740566700776064,0.012370050565473235,0.0001967502374517566,0.8330407947564323,0.002791486899711435
0.0012100649786713773,0.01824559456017177,0.0004634494932450522,0.001352097789622335,0.00015989550879269714,0.00023118688613576514,0.28286112072204306,0.6793807238107996,0.0004382641295116156,0.00026486063137667567,0.015392741489630355
0.01931450938796273,0.010351473529629323,0.0042240892491212465,0.0025509484708105155,0.002417590129231072,0.0009076300655156645,0.014977759974657917,0.26363221986085233,0.0034906463548780658,0.0013209207784713355,0.6768122121988706
0.0012271310396915597,0.002610240599637795,0.0003345214267084168,0.00013207822444604556,0.1534756829153998,3.939326137805451e-05,0.00035117379819493537,0.0006026248367005969,0.00018489535371977813,0.8395749352371978,0.0014673233069257478
0.011017616445503774,0.0005395661395113133,0.7260673260887558,0.0003113860200881023,0.0018408182121775376,0.2268426629208218,0.0005907217574145706,0.0033368990686116523,0.028909644296847045,0.00012371809249025567,0.00041964095777823236
0.00043614593089172604,0.0004295030993582917,0.9471862697192956,0.003790379663956801,5.680339843861724e-05,0.03633295087809929,0.003922561029601636,0.0005965939459003939,0.004556540495266983,1.4586845078674147e-05,0.002677664994111731
0.041936032058380285,0.0002953759781201876,0.004424917784979502,0.00041388475902738695,0.7969341738145687,0.0026004466783800155,0.0014056377321758728,0.011272542527912521,0.001644387358801718,0.1373685126134742,0.0017040886941796266
0.014376498092444666,0.00012450017716183567,0.0005665390970296976,0.0037480502773191687,0.13053165517019308,0.0007288344311222805,6.691737960504897e-05,2.9250944119254414e-05,0.0003413040127317898,0.8403092305498912,0.009177219868382432
0.0019102060205347228,0.002764098664326542,0.00011598332124315114,5.03379915377831e-05,3.7759885299182326e-05,1.74193756924015e-05,0.9875276545327736,0.00428473485987044,0.0018363236853581434,7.469476007495656e-06,0.0014480121873563885
0.1580968288623736,0.0004807673873338218,0.0006406182960504635,0.00033551834006526407,0.06074090753631554,0.00044389216656595546,0.0021075567551271275,0.0014158280237371332,0.0009612014419447792,0.7716318078672066,0.0031450733232797783
0.02002207511366775,0.0033110831581798944,0.04044548422257732,0.6712186684910482,0.001716545401746562,0.0021475030486833775,0.002904091919138486,0.008118563418930712,0.2473613311335036,0.0004646642930481031,0.002289989799476037
0.006420861552564591,0.001089868459377195,0.027952370991088014,0.019041069991451044,0.10659425478659973,0.7328165040069018,0.001373097317498889,0.002239795411274519,0.08763666057864906,0.0014364441733320135,0.013399072731263197
0.008193742580366235,0.015062357319479601,0.13789802428257514,0.0013880534223396853,0.00043519285533896924,0.020136589326483798,0.005177933577800493,0.002074008913941243,0.8014567017439331,0.0003735354100749384,0.007803860567666511
0.0078582993438291,0.8608152517891715,0.013443251469022931,0.0003324501731612679,0.006875497508341954,0.004970227712131625,0.04889934025154216,0.020722135692112217,0.006341441523043258,0.017880277180617323,0.011861827357026561
0.003029493463079345,7.94513663763659e-06,0.0027421070990116393,0.005352112273843118,0.00010431605007154327,0.00040842263697244113,5.2066753953896236e-06,1.6465754629044107e-05,0.0031950282066681257,5.870190409456083e-06,0.9851330325132819
0.9856584144185998,0.0008944488974219417,0.003238186718461597,0.00016817876554929328,0.0002527921797835828,9.285014482865389e-05,0.00038168260174454763,0.0004609118954626104,0.00861298309810332,9.415231711462182e-06,0.0002301360483335415
0.0002508922220182353,7.60823849638409e-05,0.014486522630202678,0.00011798075185639743,0.00014725990372327417,0.9814233583913866,0.0018985140235127083,0.000497641651661249,0.0002417051256970839,8.966732417197253e-05,0.0007703755908062327
0.024063777802560936,0.03602457479138502,0.005819304721662649,0.0017983981796890515,0.005825383582975171,0.14029658106880444,0.004326871532154777,0.005191495697007008,0.7754812290727889,0.0005385094744221676,0.0006338740765499095
0.010035218908825718,0.004712142628917956,0.08018985771205185,0.21850701927635235,0.007616825987710044,0.44594951844597114,0.002842798905680407,0.0028066295593990194,0.22126641563786342,0.0021183725568928416,0.003955200380335164
0.03413939962602254,0.006225364491789478,0.002684714603194579,0.0010304958162519551,0.3079592585313288,7.713861605878534e-05,0.01097060687367887,0.004793295435840546,0.0019303484770255503,0.6238442524162878,0.006345125112521374
0.001063027632850778,0.000437910064169279,0.0009300376675466786,0.003423472621651031,0.0007878739860208635,0.970818513766864,0.00045685248746155246,0.00015208148726196885,0.021278818146313848,5.569812313215826e-05,0.0005957140167273262
0.0037850769874963317,0.01706176068359998,6.853254893543839e-05,0.0007792705269730183,0.0008412975901580285,0.0004684414499801505,0.9563939988825072,0.01683137762567421,0.00020177326135664884,0.00328097772491137,0.00028749271840739686
0.005382570778951063,0.006123151436553914,0.0008816523770429579,0.007263359381858119,0.006349937525873689,0.000872273582944927,0.006990443389908308,0.009353786523151207,0.005034052561127932,0.01151324868903447,0.9402355237535539
0.0019173288163975987,0.06321998833401081,0.006760130748487041,0.006431623752004991,0.0008297027328977601,0.0006535308028605974,0.051960781122200414,0.7923970579436621,0.0015095493908628373,0.00016541433604040033,0.0741548920205759
0.00033716343602763194,1.0637649873783847e-05,0.00013992518719731974,0.00039797246070470216,1.0764035359422121e-06,0.9966285353798398,0.0017353430377814653,9.19635113611308e-05,0.00030232445101646216,1.3684239397476444e-06,0.00035369005872197366
0.001540452764618771,0.00012126033849444107,0.0010904223707426588,0.003990047358323285,3.732409467305948e-05,0.9861234149934119,1.2737201317329515e-05,1.8682847485029848e-05,0.005957293056554697,5.823662098845364e-06,0.0011025413122804151
0.0006903906772119496,0.9343351242850755,0.01601458177924026,0.0011863871932012307,2.0111870901188488e-05,0.001140519270962199,0.003307392709111111,0.017162049457739404,0.026015428435938043,8.53205058493581e-06,0.00011948227003422409
0.06511255768468133,0.22015328735809062,0.3276663088984249,0.0035550701071162586,0.0021586643351860758,0.04081398809366291,0.25589407477926734,0.046098171728485016,0.021177815678482325,0.0017362229202065665,0.015633838416396803
0.8370408144874286,0.00028056532386457533,0.008754837032233214,0.005354673609249404,0.020547737868384975,0.0076031824235967774,0.0004207413644830965,0.0009109279627320109,0.09523114916349612,0.010222350918710054,0.01363301984582106
3.201819268631005e-05,0.00676057627618426,9.66376895967809e-06,4.104034353754316e-06,3.6610883988144277e-06,6.394633378540029e-06,0.01239267608735042,0.9807631585819484,1.1690827384367724e-05,6.644740172404897e-06,9.411769182860414e-06
0.004868006666382752,0.005000384116228193,0.40235001429175693,0.007828843500088282,0.014335471800650484,0.003566791916966362,0.1334430307577457,0.12050174132504005,0.006867062400000146,0.0017770390043839646,0.2994616142207574
0.1624073779917111,0.1965647553819342,0.016445973564445004,0.029716128550255863,0.25344045586840686,0.0016076513151920097,0.02238501896465332,0.14382491368935219,0.002879667145968169,0.03020125418557658,0.1405268033425057
0.0006237598184061077,0.00023594555188200116,0.02287910096008623,0.0014561292802030572,8.19403004637122e-06,0.04428100615560995,0.0002110400894020682,5.5156872385647024e-05,0.9301618645639373,2.2653319673576484e-06,8.553734607404212e-05
0.019452626110917182,0.9277281567633143,0.0020679675601551883,0.00014784560464454257,0.003623842849398239,0.00027944978560606027,0.015990878221738777,0.020050163887275076,0.0010201782485262175,0.006244025545193792,0.0033948654232304025
0.003888489496007185,2.214645560153213e-05,0.014553005042660362,0.0002122830669379343,3.080063720736744e-05,0.9679832879591735,1.2851031981714753e-05,1.2577760235445712e-05,0.011778375357024489,6.064643646986208e-06,0.00150011854952405
0.064651468825607,0.020614588548601664,0.003828109362385991,0.0010127963651334689,0.012051888165245281,0.0006780878752431816,0.02784886923644832,0.019708749355231182,0.002547694391244017,0.833752658380502,0.013305089494357889
0.007784764334124753,8.126974779328736e-05,0.008589874288069715,0.003651621988585435,0.9609211375254283,0.00246239128230437,0.00015126982705176298,4.829413667928839e-05,0.004522366567973007,0.007917681378314721,0.0038693289236754495
0.00048632128267292593,0.002012589387807318,0.0002667718360530216,0.0003955772177759987,0.6667305007887784,0.00019590826451928203,0.00020613570908679468,0.00011715458206807059,3.2906828523263946e-05,0.3292284170821317,0.00032771702058366286
0.03231416645751962,0.0003689936721539851,0.8372645168526319,0.01391789410543957,0.002423854880354119,0.04893622172735357,0.00041082773148244,0.0006376685338012769,0.04810181232179644,0.00033661945616974865,0.015287424261296433
0.003583279480675895,0.00045043309421291295,0.006098284770519922,0.010911160653485215,0.1647387941378071,0.0001727816631263373,0.0006924453857377642,0.0008622839236729567,0.0011742365494348409,0.8086419401806774,0.0026743601606497467
0.0016459675207417092,0.6138423832111984,0.10288374661927124,0.03540506345344804,0.0009396918478345512,0.006913162648703907,0.11536328111646636,0.06692137147889994,0.04137314663040202,0.0004284362882828496,0.014283749184750859
0.09947717191944182,9.462427327077998e-05,0.009012566192036402,0.00647660114984752,0.0038967896107656545,0.016064719021968182,0.0005018651250503335,0.0001830498958110669,0.8371041806234045,0.0026400683026777706,0.024548363885725757
0.009684137457925485,0.0012653336963955471,0.7325879958615495,0.016531203141223333,0.0009049642584638677,0.06246193181723409,0.004172783206183333,0.01076253224326285,0.015752280450019696,0.00023276834346840279,0.1456440695242734
0.004340694021579787,0.033620223326727816,0.0028919169218651806,0.0004467515960163956,0.0026022841570425225,0.0007454063446669456,0.012519544399847815,0.004915818004098496,0.0003351441203209798,0.0027211613304553126,0.9348610557773784
0.0013427708398229968,0.9915922047234614,0.0010121028492822068,0.0009038620671866434,5.964146292986364e-05,7.75566645648157e-05,0.001517898205120271,0.0016579523670384871,0.0009636812284837614,8.607063082456853e-06,0.0008637225290272529
0.0018607939375946678,0.023143251471116837,0.0005571021952586299,0.00024904129836138923,7.015986628068593e-05,0.0038493559250695366,0.6807852636641091,0.28512384795084816,0.00013300691047533173,3.413130824011962e-05,0.004194045472646211
0.010453412040197629,0.0005955177441860063,0.007936239861295014,0.00470402315152234,0.9146858835747277,0.0005266043688076078,0.0012490916056400608,0.0007928288908327437,0.0023916405285053176,0.04608272309524412,0.010582035139041443
0.0034145169725611547,0.0007504189210553214,0.018844890678823077,0.0022956696212943456,2.37573389332359e-05,0.037104551188621236,0.0007384660039940921,0.00016444543214913816,0.9364425568990542,1.3931095363024095e-05,0.0002067958481513298
0.0031325341962618576,0.0009069405106165979,0.0010401405653805895,0.002366044361847523,0.00231563164721284,0.00028757011241950585,0.0006688729703157375,0.0013287010753982333,0.010956991689768845,0.000774991686221863,0.976221581184556
0.0074343909521040275,0.0007177612151424067,0.010959738640172911,0.9585129745418732,0.0012843805134553515,0.006581760784374242,0.0006196847621726059,3.8296337585914986e-05,0.01344339986106344,5.190476556220132e-05,0.0003557076264936505
0.031343099725562366,0.003216973988482738,0.019012250918015533,0.8960446948370931,0.007330264993154425,0.011533661597254812,0.014195017019686479,0.004608397250540549,0.009184141353169622,0.0005089064376541836,0.003022591879385535
0.003371181899428683,0.0007599372313876544,0.00211438465592652,0.01077873596934656,0.6291865818460908,0.003500629349579941,0.00012010898414635943,6.962006191297174e-05,0.010805306072321795,0.334364139705518,0.004929374224341069
1.0677142918751443e-05,2.964261659948745e-05,0.001996034562669498,0.005078871282834851,4.973531535044716e-05,0.9899460537018573,0.000493376214008713,4.3616206458137066e-06,0.00206517247880442,4.434015842960676e-06,0.00032164104846800425
0.0009693172475741645,6.91543487581131e-05,0.0183566013989422,0.8753230537770678,0.00014931482148333768,0.09573182546325008,0.00023018905348567943,7.651218123436562e-05,0.008724514400108442,4.940655110795279e-05,0.0003201107569881404
0.031108117138982674,0.0678968150943867,0.07904537528588111,0.006863969655482291,0.0005679947426704303,0.012492361186921118,0.04281765908121363,0.022151940151907266,0.7309089830037752,0.00018468687488204744,0.005962097783898246
0.025521506054182803,5.379870269485231e-05,0.00011148789882832012,0.00041799750789230496,0.2567461246809483,2.4733272290582956e-05,0.0002383390972840936,8.327243892590724e-05,0.0002811003587115334,0.7137724452283126,0.0027491947599277704
0.020793551942345716,3.1005958938939864e-05,0.0003065128310567796,0.0005181029874815225,0.8249094755165002,0.0002813732759023873,0.0015695620456518144,0.0014984776477256906,0.0007226353244961786,0.14678140883057605,0.002587893639324574
0.0034987812465143444,0.038170681994458125,0.0002842862864829685,0.0038802348279525205,0.0015845909217376058,0.00035760263908311384,0.09766218621480428,0.8466582626583341,0.00017264943537853155,0.0005935483074778118,0.007137175467776184
0.001493400668927327,0.8227991650548461,0.006435612010050738,0.0010121832258836064,0.0007371929982717052,0.0007072832137685696,0.055356783360629956,0.10624023896253082,0.0005190753882891397,0.00037967714359121756,0.0043193879732110006
0.5954007447804572,0.00409578049557965,0.008907602239290897,0.00017691224736473657,0.0017159201707839411,0.0006389819780372746,0.0010848954691116972,0.0037040694031566916,0.3750140108134586,0.00016585192353888305,0.009095230479220466
0.0015129201720433868,8.47972085326483e-05,0.03318557566157112,0.06171034028861755,0.0008590104691553779,0.8952601866872351,0.00035330601112211815,0.00011800665465786537,0.005011868425513063,9.84540373676612e-05,0.001805534384184478
0.035229044951192855,0.0027352189497450536,0.0009237053585800886,0.01136450500356022,0.7012358164156561,0.0013781444117954174,0.0029533896468436132,0.0013394344507831287,0.01044534437023578,0.22367714872193592,0.008718247719672242
0.013527580737887072,0.00129573709622268,0.617720749262158,0.016281406456827848,0.0003969284435937868,0.05467817203690092,0.0004614103486921331,0.00030242309372844673,0.28948371214130747,8.273882992522284e-05,0.005769141552756143
0.0005226047516992125,0.00030157190937341873,0.013363055733277089,0.0002858166261978491,8.430377241211278e-05,0.9709386356002716,0.00038021380663955,0.0005056441770199094,0.013575903294672186,6.825428572534332e-06,3.542489986474909e-05
0.014318746527703818,0.02264937473914601,0.6931192254901976,0.004590413142814352,0.005613823687564166,0.18272993319408729,0.008587383014090823,0.004431070834614005,0.05677347206994477,0.000340527493529924,0.006846029806307132
0.001996904174045937,0.03730516703861781,0.006289453750922377,0.00137546858108364,0.00011686967039009312,0.00042615587929950035,0.7061830852216731,0.24402338726009212,0.00017345809736572768,2.1815355887548757e-05,0.0020882349706224062
0.0004106790901737325,7.813218345740084e-05,4.26809810939048e-05,4.130015529871853e-05,0.0657225305749246,3.950728811186044e-06,3.5450997873569e-06,1.04688519582347e-06,2.5937340996771563e-05,0.9334263216980729,0.00024387526218753197
0.0037663833431239493,0.0140415202106298,0.0010609046552256538,0.0011201753147659628,3.2934212476369995e-05,0.0005123675715006675,0.8624102895963758,0.11144055082166222,0.0003650529139952808,5.844484869796411e-05,0.005191376511545756
0.001107325129084393,0.0004947451675136196,0.959447944305516,0.0017422678507136764,0.0006997388380736238,0.02368641751208131,0.0002795159150048338,0.0002088941316805848,0.011404259023971797,6.957306629347354e-05,0.0008593190600662516
0.007404074666668969,0.0014623241686435836,0.9077908823477912,0.001088552135367163,0.0007445039595484508,0.058718080157148564,0.007455794182250698,0.0019075446331560065,0.009353628841324207,8.727571954848156e-05,0.003987339188552761
0.11417764887233468,0.012740825662257269,0.8087831840778893,0.002149059814294176,0.0003793078144405357,0.0008981476427192474,0.01099936613379575,0.01627363087301348,0.0285679018831091,0.00012205132626289748,0.004908875899883146
0.045499104724916015,0.001283358293918179,0.6883994313205621,0.0008125462707191893,0.004100916506342731,0.0466331484820689,0.002281268892618249,0.002902675647729665,0.19698658433346636,0.0015724965367121672,0.009528468990946148
0.0014863010714060115,0.009521196890430756,0.01118434153634486,0.001516127122954321,0.003521210414831068,0.0041273185837126915,0.9485087510524955,0.006635637499459137,0.0020619073107557236,0.002100010869332442,0.009337197648277533
0.016168446082400294,0.001024225141799903,0.0004369066052091402,3.7879534419261036e-05,6.587381446147352e-05,0.0004038234223232062,0.9126322390517368,0.06264514783689488,7.796126391648678e-05,3.5145428582334013e-05,0.0064723518182561255
0.0035436511332320965,0.00103720185978653,0.01154182729199595,0.0011022702418629978,4.8797863941005176e-05,0.9599885994136321,0.0006844498486713311,0.0002397083500059848,0.021709330159105714,3.6112456763299786e-05,6.805138100285248e-05
0.004178171846835611,0.008234944353791395,0.0005125474572928602,0.0005643883223019217,4.348354814060244e-05,6.392939438926477e-05,0.7543604944983363,0.23125043793027347,0.0003369064566027915,1.1407622939918227e-05,0.000443288569095811
0.9414064737420763,0.004116471393242346,0.00013796633361921683,5.0234246447658315e-05,0.005327955384762816,0.00020943238163522067,0.011736429684552175,0.0004377547687701795,0.0006082523614295738,0.006644484376211237,0.029324545327253232
0.18501822211615968,0.0066057334130582126,0.642346740615672,0.06444864031791638,0.0023352346607284575,0.0030908137017354397,0.003756517085479955,0.019085023061449297,0.052424985716383224,0.000691932478423277,0.02019615683299392
7.0782047524372e-05,5.9758851091849096e-05,7.015206948470071e-05,0.0012982810291453488,0.5728673467254188,0.00025587055933083843,1.057168862388622e-05,3.156326924182029e-05,4.7000325359002785e-05,0.42241458578364494,0.0028740876511339753
0.05497363533670579,0.008234484111181791,0.015335202650368461,0.10574916187198147,0.011681895470509787,0.020667836634160653,0.002042240502973016,0.0027865182889565444,0.21673532025056955,0.004920984783263403,0.5568727200993296
0.004881289156639698,0.0020541710785311395,0.0035034488195391606,0.9479857602811309,0.004146588950972844,0.0010433347600381235,0.0025411954641195596,0.0019277548405078814,0.0038569396678869877,0.0006921707696328919,0.027367346211001006
0.9786174925315433,0.005615471530433552,0.0004870639710205404,0.0010811781485019038,0.0018331090736733154,0.0005773244920166718,0.0024995489592334625,0.0009360789269336735,0.00152018819303632,0.0034574236634791907,0.0033751205101285563
0.01934727594669343,0.9043368219212669,0.00897512696752606,0.0014781371239074772,0.0010546823594782993,0.0009234836734952964,0.013582431497171133,0.019268409017059514,0.011916030528276712,0.00034097937551285534,0.018776621589612227
0.04374532330474649,0.00021062987590574563,0.022715396190945713,0.0027090331985413166,0.0004015834215242363,0.03077728922229085,0.00014828161646535424,0.0005323043249360313,0.8968191995306639,5.990068142166484e-05,0.0018810586325585764
0.005278414605307339,0.009704111521630726,0.05222027481240674,0.09522376732249664,0.7411258521462163,0.002781027219859118,0.001300593500772604,0.003741200169852341,0.05359120959483424,0.013823719996912008,0.021209829109712374
0.004806096575361559,0.9186262350712009,0.0015696460058927523,0.00019626566489119824,0.00029004910633212563,0.0006256685551206138,0.0018230748875229345,0.010652998304924792,0.007415582273858736,3.5472937705107324e-05,0.05395891061718929
0.03329078380064822,0.8891267605278225,0.005686954040326066,0.0005908587392479994,0.008621029068165982,0.0006872509984365124,0.013469735652385068,0.04241458715458293,0.002824875497462834,0.0013847488861620598,0.0019024156347594305
0.015399756190769989,0.0008706950171352133,0.014736058740625934,0.16514997574236578,0.006890552578494573,0.010899496027664247,0.003491833985873509,0.0023153392531998084,0.6100725649239558,0.002538315192901573,0.16763541234701326
0.033122332808203044,0.04507586072903291,0.01814906082225744,0.0008002147504082619,0.14858708218378433,0.0038480627688717234,0.025405078853205143,0.007366542420678618,0.0009944631346521754,0.7121254803980532,0.004525821130853256
0.005759472968657845,0.010586170648691016,7.037531381890012e-05,1.59887988867862e-05,0.000513849698936334,3.6296473557504645e-05,0.7433919912313165,0.23378273523160767,5.583096088211009e-05,0.004542364452788496,0.0012449242208570441
0.13924070321827645,0.07244961440541817,0.3445329547482179,0.00456656082817935,0.015534164838076674,0.08665291358900393,0.044829112743546465,0.09638850490210032,0.16785487725766526,0.003918072920263824,0.02403252054925152
0.017095754807540945,0.022952370199938073,0.01047426075366633,0.00434350960198376,0.000754354609983425,0.005581669978080278,0.26470388398944683,0.5975120698477693,0.004387189495180811,0.0007564275957084574,0.07143850912070196
0.021092942003944456,0.005578367404567978,0.004002612467175812,0.019209574277118165,0.011233010903014791,0.0028816906398270487,0.01957396420940675,0.00875283676753454,0.012624457755360884,0.009283112921741705,0.8857674306503084
0.029636467323399116,0.5491637974775222,0.011739213950033455,0.002323322904135222,0.013338429868758304,0.001038874239670519,0.30372469898187027,0.06724851504688072,0.009449207395683949,0.004885317867536637,0.007452154944510097
0.025826845175437204,0.005402526222723187,0.27270198005996643,0.059668153726425165,0.005837401586038485,0.005912921521597436,0.046051917471616244,0.06694518615241891,0.44049318147515787,0.003520181374643298,0.06763970523397546
0.02721700356989817,0.023166042112335444,0.05628071102266005,0.3850508195347269,0.0006092307617891919,0.0023029689547774583,0.02211031402293491,0.01815770120002486,0.2772955535521807,0.0001994504431103883,0.18761020482556132
0.05832439621300612,0.0013091386588890456,0.7805613188559812,0.03549591427465927,0.0330088922880433,0.026014047146343186,0.0017926360503302285,0.002332736319427493,0.031673893234831524,0.008008668070258787,0.021478358888229493
0.0006670068613919568,2.7921307833449506e-05,0.008794023971399384,0.015010082029390134,0.002452167781846522,0.030915348977471793,2.311788898310553e-05,1.859178064624158e-05,0.9401187849918043,0.0013542839416068393,0.0006186704676262352
0.043129846579886374,0.021768882751920283,0.00508620721619645,0.26006633529219714,0.06879379865341749,0.0022133681384554605,0.085758914524823,0.10970398223557151,0.016384463805659253,0.19397990875994855,0.19311429204192504
0.005261001116082613,0.9505509313608282,0.0034086452777777267,0.0009884959103956886,0.0027934286190550825,0.0007330639011953522,0.017059216959264434,0.0064515433700871325,0.00023971467337780624,0.0022527412224688016,0.010261217589467537
0.0007244860965606348,0.007343134647571292,0.00014569686371744962,2.1604774555402715e-05,0.09471737644635837,3.471903020509344e-05,0.0008329361217089136,0.0014276313560660414,0.00034628220607421965,0.8941725468732863,0.00023358558389641364
0.007812086510039069,0.01658822271985064,0.16987734668445217,0.39645767823252764,0.05247611394915956,0.0713431560704589,0.0012741485934012384,0.003190500306466805,0.20815227594385455,0.024151499834367336,0.048676971155422216
0.0031477914477933025,0.9485012936504097,0.010310556771220062,0.0005476867079038249,0.00015976684418959707,0.0002579830533143216,0.015526007981741747,0.009977715253943606,0.0010720575669273483,5.502026229065504e-05,0.010444120460265481
0.00193147881357026,0.005520013245468227,0.0019904756577184433,0.9020691648061302,0.005673591143791379,0.0024767782019358567,0.002053879762110877,0.004779817102790905,0.03377042760898992,0.008275334325555227,0.03145903933193828
