ARA,CHI,FRE,GER,HIN,ITA,JPN,KOR,SPA,TEL,TUR
0.015729884269895147,0.0053006279768114915,0.0045304856401075745,0.007701183909338069,0.7326325375621298,0.004250842804872548,0.0015321468802962583,0.0014790420729372887,0.004904528297365244,0.20040664431915545,0.02153207626709123
0.006941262355449012,0.1118756848848938,0.00363571574349835,0.0017885383419609304,0.0074154631516429054,0.0017772633757419712,0.08525199344770651,0.7437282255050014,0.002071100192861797,0.005339020488770961,0.030175732512472388
0.024018716050690968,0.013474602637716385,0.044764210153470665,0.09231643001064285,0.01341575910464219,0.07390568470953716,0.0048846290576468245,0.007302195649162965,0.6996256872156494,0.002640231005689536,0.023651854405150982
0.0021492341056667356,0.0004296224197792354,0.028557214595062438,0.012799266370126437,0.0002079780435767284,0.8961114038048819,0.0026106798704191836,0.0025682573975572068,0.05266022552054373,0.00017011510335325212,0.0017360027690329397
0.039208589182561496,0.059943972911279876,0.015661928996718786,0.14737777324522247,0.1276344689909301,0.030658999861741167,0.01727487226218885,0.011481307643568363,0.10185059985497913,0.37447852196986814,0.0744289650809416
0.03031291779579044,0.002917940898736537,0.04360847025492023,0.032497651290943515,0.009143832126727402,0.8316668231624063,0.003764365962685478,0.002168795811917088,0.029548240225453208,0.004498536024493773,0.009872426445926256
0.07315651480647906,0.04550331650058935,0.005221143537880179,0.027175540343225838,0.015621057624469028,0.0019855056322824983,0.04110258296934771,0.05593139192716564,0.01933217749152385,0.010073194593057794,0.704897574573979
0.035841721948774885,0.06798056566376666,0.023450120959279556,0.0032205182010745124,0.005192353895292188,0.007217890854602204,0.0612010056411886,0.7117563203900268,0.01003784637566872,0.0045954117697609605,0.06950624430056493
0.0061776541239766175,0.8286584117506397,0.011041856907493772,0.0040022449951884,0.004188236672181442,0.0013482485579336362,0.010432605592717869,0.10245431084926901,0.00799057197598495,0.004852280040361942,0.018853578534252683
0.056668201148711426,0.028252081955919012,0.06255657512931369,0.09324702116608972,0.020347429872186688,0.1164105982696962,0.009838181933465619,0.009402269609573683,0.5494532124075131,0.010576552084178825,0.043247876423352045
0.001743784415638977,0.019757195374570845,0.009445770323730366,0.005168670823744742,0.0007545870066376435,0.0009962979956751597,0.0726158389759211,0.8786261733556188,0.0036350767600201042,0.00034699086062470533,0.006909614107817687
0.009392395583806884,0.0037605670388968122,0.06639080939446135,0.8306116290445933,0.004588239767053735,0.00971096159893915,0.004336403988621165,0.0018853659985610463,0.05593632674949623,0.0013301916317313715,0.012057109203839032
0.07063153264047654,0.03127002685354931,0.02887850368798766,0.023275285473687537,0.011956160383453287,0.015320966374597879,0.6249955560013182,0.12980410539313555,0.0067413112455190945,0.011259442923738325,0.04586710902253644
0.02197367396786353,0.2008055831976912,0.012524442271107309,0.05063612179277519,0.004232858027709941,0.00896978475624047,0.5738239609903091,0.09023703605512255,0.012810354039083345,0.004854205910601476,0.019131978991495796
0.0042698036686407035,0.05649745710189897,0.0015558843276922037,0.0011325845458107393,0.0010392798724261373,0.0005368833133476405,0.8802150941704614,0.049487121361061204,0.0007445620320164365,0.0015625560795744199,0.0029587735270702295
0.037246852943587934,0.003991134717578069,0.5284602881955388,0.10968663382879394,0.021604815780185326,0.157045412017065,0.008944307435602959,0.002217137610995013,0.04078440682897737,0.00848761684665811,0.08153139379501748
0.02382974267887973,0.3253181872148843,0.07328639591728225,0.11549498502488441,0.008842140485850485,0.027181549357212134,0.036052270316321265,0.07010000205720146,0.30836762166551723,0.003691592671510554,0.00783551261045609
0.009001557981740948,0.006383038215702178,0.0015754425426381257,0.013374940363683153,0.1899155664613095,0.006991352407408013,0.004122255394204994,0.001349910184875537,0.019960291985957414,0.7394979353609743,0.0078277091015059
0.005832889146719202,0.03438310282180542,0.003400794992791816,0.005344995124604472,0.5195899844027044,0.0007697718495791527,0.02296523535667188,0.013334766286188118,0.0012692338620796382,0.3575166654808485,0.03559256067600745
0.006095053741779482,0.004052402563567556,0.0009542311679223421,0.0033790950004324097,0.2483412843162883,0.001324026231255738,0.0005642599630292457,0.0013027762842561282,0.0012531942081174079,0.7149672009565659,0.017766475566785494
0.039054041626829836,0.03660099302781346,0.14817867174419866,0.07125671698573964,0.05194663050133972,0.4878624466464366,0.029813001232888502,0.02080943003677647,0.033051676896612175,0.03363184619969088,0.04779454510167404
0.6950984380026195,0.021410601225265048,0.03836278181022594,0.03679702074913498,0.0512473959304304,0.006279505435579668,0.0272802052177072,0.009003810319132721,0.08073213881747551,0.02103126312801299,0.012756839364415908
0.002614454999794343,0.01651992369848566,0.0007641045484422393,0.0006874775537030183,0.0004023038328577218,0.0004287247100359361,0.050273249900533105,0.9200990122962605,0.00036889198530063404,0.0012009855735366293,0.0066408709010502935
0.02661989572419211,0.028022744885913733,0.01686919551399131,0.023297080969790863,0.46207678906785016,0.009753030598170507,0.01173624019392493,0.029464341992184857,0.026188217118155836,0.3108300049904158,0.055142458945409895
0.013514157763567047,0.024029247971602788,0.007505255934627259,0.014270115719727841,0.0016183550704026173,0.010426842069407262,0.02166240577979012,0.03144769247996198,0.0084990862154747,0.0015458349810056745,0.8654810060144327
0.0130666470257115,0.9261050821518018,0.0027794208197702824,0.0003867516947839922,0.0019899786815724516,0.0005066242957082036,0.02102372819872756,0.01924643938671982,0.0013334310085461765,0.00789215368630986,0.005669743050348445
0.008470204654612455,0.0004809632288497726,0.8771997517639074,0.04135843437504923,0.000857682380112127,0.04734453355026422,0.0016352377926091557,0.00038334559497934454,0.010920036230158626,0.00018761716521407525,0.01116219326424331
0.0009718290941810519,0.0009966004142825892,0.0004997174074924712,0.00563433909675173,0.0021161381175710094,0.0004061183986420677,0.0013726547820129983,0.0018371656385728,0.0009669011038611905,0.0017592094245509552,0.9834393265220811
0.026491464916926888,0.03485821695775086,0.013112885639863306,0.008564554139420068,0.0193775949841276,0.0010660270035738168,0.043832467504028874,0.03866080582667238,0.0045388585658473765,0.010650267954658928,0.7988468565071299
0.0021895312526092315,0.00621781140945149,8.136281162297377e-05,0.001647581490210087,0.13091944374324538,0.00010140857169245828,0.0015698118179191273,0.0006380048451345161,0.0003353583486665609,0.8535638704155651,0.0027358152938830446
0.031093221213050262,0.03437551609819208,0.009609240967042729,0.018495126173973756,0.0027836406657043666,0.8102350066887611,0.0377399881451689,0.007253134170675745,0.03685826410857437,0.004417799408204553,0.007139062360652064
0.049551491151219304,0.025046991931379065,0.12769731310908083,0.25495126322004713,0.04303201032653169,0.020110583442349766,0.06404455790807136,0.04833733818950919,0.28566721526903555,0.012103685916892534,0.0694575495358835
0.010913532534743843,0.01963074764356138,0.7450932137574503,0.07433951447997866,0.0034263073686564443,0.06124946646995698,0.023902893560869085,0.012180549118586683,0.04326283071897168,0.00030139869312912005,0.005699545654095868
0.037972689854078624,0.003079958931573886,0.8626036927019464,0.02586184201858734,0.0036537884927991897,0.02725223629583008,0.0005544753685755632,0.00030175966735316136,0.029897709157274847,0.0002941223474912387,0.008527725164489897
0.01929726695369052,0.0007316193563207416,0.038301213950676545,0.1159176513448994,0.006141504775026066,0.08797604281063215,0.0010589962739693346,0.00024510267757552403,0.7027956215777981,0.001284142034011745,0.02625083824539982
0.008276335206865767,0.8359818986918696,0.02036105917136956,0.0022766140680583473,0.0026072791921607982,0.0012106976363267486,0.06643413753729129,0.042404450495778435,0.008126071287284776,0.0036722983470001847,0.008649158365994326
0.007947840218072098,0.014406575072204518,0.021715225200891926,0.724290381855898,0.004739094547394826,0.02260608053598763,0.11271001301797182,0.028342688754541427,0.028704870585874485,0.005116990933082677,0.029420239278080625
0.0007799271761203141,0.004077701972305707,0.0027415208648656902,0.013972377393574275,0.8392875842643301,0.0016980342398505485,0.0008588268361983749,0.0027143265920767227,0.00191611628746672,0.1266397748316989,0.0053138095415126525
0.05731294200252302,0.0445641941891335,0.03947596730534604,0.020080226536528457,0.47610556216836725,0.015131925668180017,0.044662063188361516,0.08266548914753873,0.10874906084338562,0.08676582440526569,0.024486744545370157
0.019308379033924683,0.014644884940786444,0.017442624861128058,0.06686676495907345,0.6866055600297047,0.007094064850506897,0.004501278479053674,0.008236488047505097,0.02711992609830054,0.10845368503363152,0.039726343666384785
0.0026263475542771106,0.0018759538063185398,0.0007367149022971395,0.0017767491027332661,0.7942487837524334,0.00019368374860329147,0.00016646631489750622,0.0005710800333570783,0.0009161867409270105,0.1937394894513373,0.0031485445928186567
0.46324956066526213,0.0876064456393102,0.010540247336788232,0.00681205065095466,0.03265198066433254,0.012314883437308397,0.12602772498405135,0.10723071740292218,0.03965636767819125,0.05624444539392045,0.05766557614695866
0.07283758464056833,0.027167710802479463,0.667192215045563,0.014868350942804092,0.004886944549837374,0.12536415008999854,0.009596780128882407,0.007244401180319286,0.052733505768449256,0.001464521899238479,0.016643834951859678
0.00628819392548433,0.144890253081462,0.005153683913520885,0.009906098327264494,0.001605675050127589,0.0011343586680858287,0.06434498101915359,0.7516031583587883,0.0040001062002427154,0.0014114377909598332,0.009662053664910486
0.06319761948804686,0.007966342921593634,0.01632945864325222,0.04563359744813506,0.15383919048284542,0.043695495637323535,0.016639065908678353,0.006843194468150045,0.04337992603858462,0.09033643304510261,0.5121396759182877
0.04595843877679928,0.10252463872055198,0.017218951686111428,0.008980209176465994,0.0031184777486964704,0.003551947245346343,0.1224068343994641,0.6589487373264539,0.018404546808467915,0.0029258397451007423,0.01596137836654191
0.0012871073795852003,0.0022285390138897126,0.0026069495098736124,0.010778748082138459,0.6805832940253822,0.0032866641941135086,0.0004699488744935044,0.002395065471217464,0.0019757130193906397,0.2852958795069713,0.009092090922944503
0.03896806430710886,0.006949049473014155,0.02430399573870585,0.038185229046193224,0.3943583358240082,0.10559823083929126,0.0036486521273531324,0.002800676565334866,0.07574254504851666,0.23520654699129498,0.07423867403917878
0.026820516519365845,0.003401556709036546,0.09093977087884275,0.11191037081877074,0.1285085196815107,0.0804714054437961,0.003262823132099132,0.00556825719361561,0.025520833576019655,0.026932365065057227,0.49666358098188584
0.011634443531430734,0.0049886755459026344,0.03183223140497675,0.8449542504494676,0.006255113281730614,0.013281124566944063,0.015984020250422892,0.015567251933806798,0.034880018789757695,0.0038844405239265396,0.01673842972163376
0.00973853399930116,0.005455819577513654,0.013646103838697424,0.8669186654761165,0.0036331175646944765,0.01505540048993597,0.02430540255506687,0.011783208551085483,0.03850178867272338,0.0032003332197071874,0.007761626055157943
0.047298026885667005,0.37386745838172025,0.15103445002019797,0.02714706506463877,0.06799085766578769,0.025897544261867134,0.05020797587370782,0.10070813326502502,0.019618417980188315,0.05320523109870756,0.08302483950249231
0.03726531626474428,0.06652002617996162,0.016009345547387338,0.18832898034548928,0.028630926056211595,0.02341161953923567,0.36149928087998373,0.10680872632111707,0.08160463905265185,0.02101149587409778,0.06890964393911989
0.7671375440231253,0.025759653727173815,0.0127266148950474,0.0051668677989474285,0.0062577016828032515,0.009908949083406952,0.01255353190232897,0.007512100283671306,0.0930555614966226,0.009387528144127888,0.050533946962744894
0.006368040975191815,0.014826990379484336,0.002512741268874013,0.02093495932266596,0.4157526500161743,0.005823851613134356,0.0034634595646482525,0.015394078239881714,0.005388880249872409,0.4945960732730269,0.014938275097045931
0.021906862871819643,0.0033329833507070145,0.13696064709591643,0.07899589304870484,0.022081144738816262,0.45532879066702725,0.0014303599236267879,0.0010388379745201255,0.26533823937958156,0.0040284018673566865,0.009557839081923394
0.035263062670325016,0.02313838108452558,0.05476122505257271,0.047916432110499195,0.009690972888246639,0.031652123959696785,0.02096329615085356,0.018345138169619878,0.7488540884395791,0.0022978084210087558,0.00711747105307276
0.005925234100771725,0.00047214284075188667,0.007760424060390789,0.05559641479642115,0.8735374346289669,0.0023292468689319803,0.0005577227497899882,0.00023661371934143873,0.011311911033585715,0.03648874974189397,0.005784105459154666
0.008816812561955227,0.0084451755036839,0.00040447178104337944,0.00108607009464125,0.06144435696025264,0.0021748533754184897,0.0010955221874042903,0.0008742815060281466,0.00521792707007162,0.9041338604326994,0.006306668526801646
0.05174528044688308,0.007697227002426256,0.039419678836008,0.07031179124564632,0.0048428865448290875,0.1092560336748792,0.008341598488525323,0.0054652043991190195,0.6589169488321799,0.0031213878557842,0.04088196267371976
0.0400932388418431,0.020368240925427564,0.08693617908624626,0.24917950253193655,0.0059898719665343264,0.2887746671956287,0.12788952670270856,0.0605008938785733,0.07095964116942849,0.004751256798849829,0.04455698090282339
0.933596895855493,0.010624006005586975,0.003798459573796208,0.0009263909116222377,0.00428973440806613,0.0019387316487185218,0.007164949797542663,0.003319662911937158,0.02202803335681394,0.004198977754477007,0.008114157775946072
0.030692819494420386,0.0024646580593620086,0.028229647361863994,0.023618867691439394,0.008267344458985719,0.07923006523952188,0.0028745508152552284,0.0031621403442750992,0.8102907097276323,0.005603211857318093,0.005565984949925963
0.011737952058450086,0.002340003266344513,0.0001940500042569456,0.001842425662020966,0.06881778263356136,0.00022941446686335323,0.0003034822914361214,0.00041031569298904193,0.0010905195363357437,0.9073225333681902,0.005711521019551725
0.014374925509407391,0.02996119300434827,0.029526197979736685,0.726057058483741,0.020646549229584123,0.04861126273117423,0.030028511670051296,0.01745079884054682,0.04425038236114154,0.008897428940785112,0.030195691249483528
0.033932510655783454,0.140431993120393,0.03033383760562041,0.01933803154268675,0.005657681368351932,0.010634233416408397,0.5072586746905167,0.15947697104166986,0.02162854500423353,0.00679749846022737,0.06451002309410868
0.09174979641413099,0.0325215912865768,0.022620199082703105,0.08968401328353384,0.02089182727783088,0.06904430026415796,0.04885787781448767,0.01970428325311249,0.018828215855566103,0.03373246501838521,0.5523654304495149
0.009742227089847786,0.005649962688307579,0.04789058057469844,0.0562081982242492,0.6956932371225654,0.008395767710765462,0.0023628104206191076,0.002653263677263663,0.029506284825868426,0.11722983697454653,0.024667830691268558
0.7618911027373727,0.006860536067169089,0.009972697191430171,0.02107201656465984,0.03364215741144173,0.010896771598246957,0.009006955915760975,0.003957571732672276,0.09343196951875736,0.017794932713775823,0.03147328854871302
0.0369799768532504,0.6909904762654829,0.0034199999434405756,0.0008805582713499448,0.0009540284476519321,0.0005174280409287081,0.14956229701803986,0.10792205098392703,0.002399366740380437,0.002451958974749329,0.0039218584607987874
0.0020332940451202965,0.004303292945806,7.074461153137659e-05,0.00019337638504981808,0.03202563417009972,0.00012256241195250403,0.00031835179247545,0.0003800345936484121,0.0006408093456797565,0.9527160702608042,0.007195829437832577
0.015731239412912813,0.1359923228866342,0.26240633093875143,0.020116995915727704,0.011956810939764612,0.3297766842001842,0.00440315683245203,0.011124979839885576,0.1920033398419868,0.00379900828601529,0.012689130905685462
0.029779964129465333,0.009900417646742146,0.3004873149284951,0.017087235374609606,0.004075119686790812,0.5141718787927987,0.008520061409841814,0.004231043426200284,0.09613355949940633,0.001792687551461908,0.013820717554187895
0.024730800861720522,0.0329257522066674,0.0025629647749689202,0.032602678298316534,0.14336319680646387,0.005323547823922322,0.011150153531474402,0.0049809370892018555,0.006155837208348264,0.7247730220921959,0.011431109306720016
0.0012622858678159382,0.0005429961768680518,0.01855598136139472,0.012806724785349919,0.0010320104062271915,0.9474824804807017,0.0002707255242733749,0.00031361334068935815,0.016291863626276964,0.0003527278380797931,0.0010885905923226978
0.01946794377783155,0.017138926835913403,0.000329308379498071,0.006529663815981823,0.03153275111455738,0.0009727521867937619,0.00559488560720262,0.0029073079882019565,0.004004821248763656,0.8710879374540815,0.040433701591174244
0.017578281853129887,0.005745520558638159,0.7293022000010008,0.032072872552429466,0.005446156883134723,0.08429942104788989,0.018070291593663152,0.006318741625688182,0.08957454588877267,0.0012495903761498856,0.010342377619503285
0.028958213073798766,0.01374199268675877,0.7664489379327858,0.053428669210565945,0.015042924430052392,0.017461767538112315,0.01234648823563736,0.012278550245391649,0.02508024230361309,0.0022465156236423254,0.05296569871964153
0.040012038712913686,0.015711000175613152,0.12743336259377172,0.13136250623884932,0.19212264421512779,0.012244699524072358,0.011758366695329512,0.030479910427207445,0.39935861659243904,0.012082656622496198,0.02743419820217979
0.813860648616044,0.019938498002564448,0.005763990937283248,0.002740130147060845,0.016729039383179413,0.005016035028148746,0.003439811354583767,0.008113728877568886,0.020197293374454108,0.06625815653859618,0.037942667740516405
0.011412582171914782,0.021022335328686054,0.003163522674113726,0.0023964025795522115,0.005585454235669852,0.0009465044314152905,0.007623729852475602,0.013082156155196164,0.002123250990214499,0.007042523560557966,0.925601538020204
0.020430905524384948,0.05056311912660898,0.02616151500271247,0.0068284042088904906,0.027407943864238157,0.0022626415914452215,0.1991427231783195,0.6080452934065314,0.004354359915645551,0.014999327183571566,0.039803766997651764
0.026875068633789436,0.02268269284812483,0.05726738948025283,0.035548617801063255,0.017570080761033387,0.022903568050554424,0.008229229308250523,0.02160160022634581,0.051355096296369,0.004385632399159205,0.7315810241950573
0.013238355574528387,0.025316533580166462,0.017891029167738298,0.12072946316201079,0.06041905396777154,0.012272673174912114,0.012771969562259088,0.007505082385025841,0.025998966138081794,0.046798195867020206,0.6570586774204855
0.008474827621148703,0.03895859260261298,0.08974205420106471,0.02361691115102676,0.022059703995788268,0.7164334325267124,0.009911157438242264,0.01982578910459184,0.04258864602428341,0.0171363405667195,0.011252544767808806
0.01890226211138715,0.0024149911842388746,0.003048250669426822,0.007177117179654128,0.751351108774622,0.005216358993129475,0.002171404274166628,0.0029839493615889685,0.005189741286710752,0.147694777192101,0.053850038972974426
0.00374643961287852,0.05405787134297546,0.0017990956290152881,0.007183587836424198,0.002713386932046923,0.001053956900365945,0.8142390128472573,0.0948926151857917,0.0007478283770900724,0.004242962519919331,0.01532324281623521
0.0435040614498541,0.014336552607420694,0.07305055386692845,0.01760285020135061,0.006057939302309973,0.7833102594898517,0.0028365402840576192,0.0023747604818026772,0.04659775577372399,0.003882466867893138,0.00644625967480725
0.030553576402892725,0.005796403153469125,0.0012956551608852387,0.0013475593579977962,0.005723533322110634,0.0007559763166166999,0.008528782392190997,0.006950539578379757,0.00602853739080295,0.009447166285877223,0.9235722706387768
0.0023141272709302036,0.7522059978158931,0.003071368209149492,0.01695042733313675,0.006224993843012204,0.0017878689722733005,0.01876340584791315,0.17299093904630455,0.007797896560430497,0.006746650925772483,0.011146324175184028
0.9395127082479883,0.011273963892890638,0.016900180495775845,0.0015327370022443461,0.002445466500804017,0.0004818580966608615,0.0025871067237541578,0.003701618325677514,0.016802083803788573,0.002201289906767251,0.0025609870036484897
0.005304358265685948,0.007041877794949674,0.0871869846146682,0.6629516414450279,0.012068746930067773,0.14945657144173705,0.0038932549371122286,0.0032234707769605736,0.027185657106668974,0.004633253656855911,0.03705418303026564
0.012978556417613338,0.005657505453874436,0.665028973548428,0.00889575173460241,0.009078684221516075,0.17940115026228334,0.0009464656107190196,0.0010698963308802666,0.10349408756331226,0.0011253721393876715,0.012323556717382982
0.010406894874774622,0.002862070590111133,0.8707517209543145,0.040645411745350454,0.0062293540110740925,0.01819141230418039,0.001534574370364869,0.0013511101413028704,0.04313126877479686,0.0006478339463016386,0.004248348287428591
0.05543819825549155,0.010324334160877196,0.8392222886339165,0.006225673625863424,0.006830267485142774,0.010475144880822258,0.003923142917223831,0.0029251456196130233,0.05892123207369025,0.0014938073248861173,0.004220765022473098
0.849513001514362,0.0019832069784833104,0.0070961764538577795,0.0028367085513575922,0.04250398823271769,0.011542660503138957,0.001473696933391979,0.0016082399711468479,0.024488534662771264,0.04234608882785799,0.014607697370914469
0.006892894911386727,0.7529645526474337,0.01908181997419279,0.010165467736092781,0.005031342800528368,0.00457721931828176,0.10329637186254512,0.07180396934499479,0.010355725540228141,0.008559066480098656,0.007271569384217209
0.07255257299197841,0.010299263523584987,0.007283086552410337,0.006557092492166112,0.5312694986498027,0.0043897598027530975,0.0008346497522570946,0.000866983186767423,0.012974620783879766,0.3341366382246316,0.018835834039768625
0.005272930455747057,0.010813012184679015,0.03269226664046785,0.7432144630338434,0.025930768415215806,0.05105565380861829,0.04538550069989953,0.02211900680741865,0.04194641849965859,0.007690844144515315,0.013879135309936399
0.06243299841303823,0.175437099054556,0.17884618988281023,0.04539057858248218,0.05193346765552819,0.09339058349796282,0.04168034083687791,0.02547191146356866,0.28188689045092513,0.017659755811933624,0.025870184350317113
0.03009004521764706,0.019396090267310456,0.006833348893619944,0.004630347941132785,0.16439135930706197,0.022499709110784732,0.002331724541344399,0.004443250446773147,0.042034531058109205,0.66757187355031,0.03577771966590628
0.0012514425079354322,0.00025865322501489324,0.0037994441961304295,0.0026032707812179085,0.00014657571224781967,0.9744779022374068,0.0002491213381497136,6.263885831715695e-05,0.016727787491421793,0.00015018524902437138,0.0002729784031337731
0.9438656758624911,0.0016623123680506112,0.021519585254715187,0.0019275874921646488,0.00362122464300403,0.005913176328789322,0.0053022056794707,0.0008082887361888786,0.008468773562665604,0.0023221287866856534,0.004589041285774133
0.01894518614915975,0.001188608120836379,0.9129567330769452,0.012288946406155228,0.00145470241730862,0.01280758645256403,0.0005313916842860311,0.0006691801036968057,0.03754101165411114,0.00040254179136897645,0.0012141121435678885
0.023617916993837567,0.6854874512199605,0.00727795047173323,0.0029637571951219824,0.009374963642319895,0.00089503578784916,0.1621368669453714,0.06805836045091365,0.01570047784437633,0.008990774221018401,0.015496445227497857
0.04133918577502509,0.052203675619155336,0.0033060541530948607,0.00287476549925286,0.12973640080665363,0.0023072701708318584,0.019461032799171184,0.03507111577655066,0.006991599203853663,0.675691762211937,0.031017137984473832
0.008815487435973837,0.006617131717206074,0.8610992413612106,0.016419815710745838,0.0018536684366829408,0.06434890593103226,0.008860386318489849,0.004283895328477997,0.023781479537986448,0.00028971505036135404,0.0036302731718327133
0.0055712628425216406,0.0059857589324745246,0.00438437519439393,0.06604482002198342,0.06827641774434852,0.008747305022734273,0.014334913615516583,0.004886643631509618,0.008717064301659774,0.058409821943611544,0.7546416167492461
0.0021604478472644737,0.12578040406544044,0.003920546430250168,0.001097114031476038,0.0014370555137085707,0.00020256430494037253,0.7520778755548374,0.10695473252126522,0.0009354784039670166,0.0008196263086888783,0.0046141550181614775
0.18498212048251877,0.23283630011495562,0.020471039502443063,0.005881094984516524,0.11936527533218544,0.0018929787753430665,0.03576469233711537,0.040591233496680174,0.00939480351398547,0.04467011071726747,0.3041503507429891
0.015839019376585117,0.056649431781267655,0.029055118220238294,0.0056101725998134976,0.012046197816685932,0.006212829077833984,0.07327386783337005,0.7671809080851214,0.013709255449122463,0.002486254392237626,0.01793694536772399
0.003065450122951305,0.001340832121194078,0.8744696134849528,0.02176786935114443,0.0011780782242298742,0.05393258561600128,0.0008988071664954785,0.0025300758589226003,0.03851568311546031,0.00014451479863200275,0.002156490140016074
0.0020262154344481073,0.00154891521924166,0.02788206686217746,0.8803781108051334,0.00302817016766165,0.04566394347771376,0.0017856022950893992,0.0010931042447002615,0.02280973308088433,0.0010353212119565134,0.012748817200993554
0.07538111590512107,0.02751579169164297,0.20717824782200517,0.018098426212643487,0.015226963782437212,0.42262422296771995,0.004677777382628456,0.009158542914403541,0.17545494578254248,0.01200296086934064,0.032681004669514825
0.02487145223892009,0.0014687514409535193,0.01063756145056273,0.009139012687660984,0.7263634344889855,0.005729902997459532,0.0013133728624315291,0.0006847061376002929,0.003989685934914913,0.1966832041877677,0.019118915572743377
0.012103405357812352,0.0606010943946456,0.006607407186467099,0.018691121298893974,0.0034147738588886202,0.02470705728982097,0.10588350853845038,0.7114500807360092,0.027859398496123892,0.006741435342052659,0.02194071750083525
0.011816413334889291,0.009615372854515426,0.0024016568165681406,0.01105874484274245,0.5621074810110563,0.0028825808021349015,0.0072927100356610965,0.0032360936061025716,0.006889455324875601,0.37354632527323967,0.009153166098214547
0.8678093560085833,0.0031002851883620147,0.019405779402262045,0.008952665960816411,0.02935325506223628,0.0065924423227086875,0.0018936471377175538,0.0022088631449245747,0.013576631720736023,0.01751367206233141,0.029593401989321793
0.01012744740269795,0.008122154074684048,0.7575114222964267,0.042719729342700644,0.017989396035832984,0.03488715339341896,0.011352202382112146,0.007075874885974689,0.027402057697568996,0.003878937140651604,0.07893362534793144
0.025909470880648204,0.0036047382538917307,0.23163581884403592,0.02964124303368082,0.009698633570764425,0.26051210052226,0.0067902659626622236,0.003963892684360345,0.39996007701727504,0.001391225565158107,0.026892533665263212
0.03411602482463918,0.012949303770373887,0.23917445738313234,0.5431641981688532,0.013220219975114206,0.016022896122591265,0.027104803622198005,0.014888813478188285,0.034674912193009444,0.00415502667220427,0.0605293437896959
0.010585440224567899,0.0006128104218761796,0.8875217085814011,0.005324256926175671,0.0005857644444440601,0.0683076248565312,0.0011704374190075588,0.0005061584046241108,0.023305087742350888,7.752064741763188e-05,0.002003190331603729
0.007918200938297225,0.016713408129537064,0.0041890149795526105,0.0013638963896798243,0.000545352225178196,0.0014364573243100156,0.1744122645652132,0.7628839356657316,0.0006675321729013685,0.0007892134463129372,0.02908072416328586
0.005159963030523713,0.961791248550259,0.0009570231655204027,0.0006188959716530757,0.0004407331548910982,0.0002200063056228535,0.012917266062536549,0.014279739221614138,0.0007698827612069608,0.0011659563458945447,0.0016792854302777466
0.08588479236390044,0.050837135236625156,0.3923057275359099,0.07190927343392223,0.007328137742500918,0.029782666870748632,0.13000977306353093,0.08548227304094552,0.0861129432654987,0.0032798309115219045,0.05706744653489571
0.16227062862525085,0.08784499061338097,0.4959774234633694,0.04315944943615269,0.01745760833387137,0.015886384230664446,0.036746190912522535,0.0386238088204777,0.0706319803521354,0.005065601805553132,0.026335933406621336
0.0021333950725884805,0.041777101611741425,0.00448752360221322,0.0015729961650204228,0.00030899357719751496,0.0017288452722118025,0.09642130349080509,0.8439113260691847,0.002690900853465918,0.0004932482171718562,0.00447436606839961
0.597275935704038,0.013751980097307801,0.013430935156904097,0.03032350280285842,0.06976269048708916,0.011366810095655447,0.0026804442275700723,0.001990602751816677,0.19796782331820237,0.0340347951014423,0.027414480257115657
0.08356935562433289,0.003746071681488614,0.04633513516257637,0.019676476155619148,0.006940275258384236,0.03699688056019911,0.0019217859016909243,0.0015300631576648813,0.7857826890136269,0.003763200336536756,0.009738067147880124
0.007393250849917402,0.038966457938457794,0.0034273036306407033,0.0011520390961958355,0.007394325416824566,0.00032684926784541223,0.10515941142757106,0.8172477730764258,0.000560510684816437,0.0048652235114209855,0.01350685509988404
0.012739661646781938,0.05953991563721377,0.008425077741827863,0.02089786456770914,0.03374116599418985,0.012884248376248323,0.5735651132133556,0.14923330971289273,0.014564158664276345,0.017903855030572853,0.0965056294149316
0.01726287411436559,0.002032622612406541,0.1145745273167777,0.14861300894963325,0.001083121350989097,0.28297236715030744,0.003987227963144862,0.0017981234346728578,0.4109983304211206,0.00022444579091332201,0.016453350895668833
0.0724818394939507,0.03648135039730243,0.07310050065543809,0.43331663627707595,0.020126201579273268,0.07497861705669548,0.029524326227584448,0.010808930787495237,0.06947158203408262,0.007364841652749112,0.17234517383835266
0.006378550716861365,0.028696672419056532,0.005924861417998449,0.00371872508841659,0.00030757104508110977,0.0006543095250902396,0.8658545898384412,0.07546934475777481,0.0011727766650445255,0.0006025281233291687,0.011220070402906077
0.01904534193266262,0.6551552818133184,0.012399705239037587,0.029864867748412918,0.01370699766096338,0.0034620106429104906,0.04747459221346513,0.07688678241223872,0.030266867848695464,0.026449906589527308,0.08528764589876785
0.0006398895887685026,0.0003424748854625383,0.01222342689558571,0.961051937249499,0.001502245922792147,0.00988443515837018,0.0029640794153569638,0.0004125888734146809,0.006871769494682752,0.00036089306037515305,0.0037462594556923585
0.02502307347749756,0.0015982043565504862,0.012177671421577486,0.006799602434706813,0.0008992198131353861,0.8689426890539864,0.0006218981011745078,0.0007350611433357688,0.07597298741599921,0.0008706950062790774,0.006358897775756987
0.7250435543250164,0.015499945547577526,0.014507685516261002,0.00394498760015038,0.007599931006610179,0.003401210999353966,0.008007064193543953,0.008243552270404549,0.17956964084529173,0.005278089765435244,0.028904337930355
0.00907546204782437,0.06273352689158022,0.0020562390572052107,0.007111777603899623,0.6549049223401278,0.00029264016746571425,0.0037333887814509545,0.011840516969010766,0.0017002566047219416,0.20716529969776587,0.039385969838947654
0.0019756751474832744,0.002513296501959713,0.021100048647281565,0.915786018349962,0.008750051235281902,0.0058680095382086135,0.013071365429377048,0.0054522493997270416,0.008203135436342691,0.0027656929010102397,0.014514457413366039
0.133578230745819,0.02045085515449249,0.5542676046891262,0.018311314720593604,0.010395501033070033,0.12487424240413637,0.017870200150228513,0.03274335099630298,0.060394757536863165,0.0052219860247891626,0.02189195654457848
0.033424280244111614,0.46742865119280175,0.055330204291656054,0.016931651925336338,0.0023118126267796563,0.009077962461366443,0.09581052231762137,0.17563288821377088,0.04380600273027992,0.003977605873619521,0.09626841812265641
0.10444066668914465,0.0185282238858961,0.001401573985776265,0.0013700279978664342,0.04571953407033497,0.0009835402268175448,0.012820288400054577,0.016547025755605318,0.0036839251656527253,0.7788268358247092,0.015678357998142222
0.03369790500217257,0.038509969531164145,0.02293630934561035,0.020693371960137482,0.0060703251797277384,0.0031205250664524484,0.05627167163234729,0.7778911100809512,0.016421922759407882,0.004624050912235199,0.01976283852979367
0.005611776240609204,0.049377770494984395,0.0002657042539005567,0.00016145848931319737,0.00010095454271047217,3.5299345477281327e-05,0.8699500923479804,0.07160176564232999,0.0005269197346013952,0.00024071960715484585,0.002127539300938539
0.016000560392039776,0.00602307103084716,0.009327402762897952,0.003999946321147595,0.0015811587771715398,0.001153597805089148,0.0015905528564562957,0.0011012053910763784,0.003689301187015714,0.0011917652801699246,0.9543414381960884
0.15865857210142267,0.04682950092448517,0.009914605304933015,0.01312136479268427,0.021640500988312338,0.009368893881992994,0.42541138946006674,0.08884360256436381,0.04729426096084466,0.04095155881650563,0.1379657502043887
0.012323587035029731,0.35492234246916743,0.0054770896259192315,0.005130016078765129,0.008262169117990482,0.004861902112108549,0.09602985163381084,0.4453656843536621,0.0010909746296816137,0.03509110283493086,0.031445280108934076
0.0035682987982889255,0.8799315511848811,0.007226266298049049,0.000537997781915952,0.03939964451486126,0.0005789246164639817,0.0047201659579183385,0.032598318881415504,0.0011605367633976856,0.025273561005161947,0.0050047341976462
0.02014952750155909,0.00683036657259179,0.7530463756524988,0.05776049122836129,0.004452994587381974,0.08538590268273469,0.0029698622652233543,0.0033768502789554215,0.05872132348947115,0.0010290053823529103,0.00627730035886922
0.002103027058015432,0.00733893840756446,0.00035054257511315373,0.005180813839873324,0.07044407595850827,0.00042852350087771543,0.00257886367263269,0.001746413957880627,0.0010861180191532958,0.9045139379048017,0.0042287451055792675
0.0030522249034305197,0.0005964361816560552,0.1476881668689713,0.03339392292159279,0.0014787830404997479,0.779489065159067,0.002546975858702585,0.0012329998132749457,0.027030074448303607,0.00020277365332552847,0.003288577151175956
0.016401020032540316,0.7476279993053268,0.0010353874308449533,0.001674551954418263,0.004719158740795143,0.000227439292958566,0.07210837230415096,0.1081427452074682,0.004767366812158061,0.01658057573378794,0.02671538318555097
0.1339512501263354,0.03738210896761866,0.08461950487702026,0.04202560858512771,0.02691298319383323,0.2860067712509434,0.06772642607585412,0.023017277228170627,0.14857547171110466,0.007980795628341749,0.14180180235565018
0.021903829965820673,0.06693322926296529,0.006124084905491977,0.007383435050113079,0.0019850774075606007,0.02013557553350448,0.6458344718092585,0.1911991551820217,0.01881081737493691,0.0020478856446508845,0.01764243786367598
0.0018110763810692586,0.0011896837471789031,0.0201771253982517,0.011517763804891829,0.012417531515796125,0.892039496013564,0.0006780419892229543,0.0008737718830520496,0.04922541477697652,0.006767140568631845,0.0033029539213649942
0.23878378667036998,0.004035603612274858,0.031058831914284456,0.00996636095739428,0.006053609496470986,0.03171817385058726,0.005921845285313222,0.004034004157426566,0.6564554347380344,0.0025812393101104143,0.009391110007733563
0.010571481886081526,0.0037430473519447474,0.17307000094756128,0.4662436431723395,0.020866381207516993,0.25882620248350485,0.0019394557678168974,0.0012609900773140337,0.0510834220419963,0.0026967240563757406,0.009698651007548268
0.04161570469320086,0.06396757463829861,0.09016184531850407,0.12605332121734236,0.006254914132537128,0.04986793577965742,0.36184739191452203,0.17614276607790333,0.03694049316681463,0.0033882965392412067,0.043759756521978256
0.12225456881154186,0.07674659134383276,0.033973479985814785,0.017421194491996615,0.002265219847951608,0.026305168702753894,0.05014076190576711,0.1238498983121149,0.49905276255618536,0.002334657463856347,0.04565569657818468
0.022732822320119302,0.07112648730365295,0.02194160660509851,0.6370681865279632,0.011764585566090006,0.05178709159835117,0.0340102581563787,0.07291769644515686,0.04078463988331634,0.010384399840796695,0.02548222575307622
0.4792880910954744,0.003161797404718472,0.06615451862817091,0.024472899381199873,0.01624730753897353,0.039999635380527566,0.01625391634905855,0.0069398045831711025,0.2957255258089877,0.007078101421661382,0.044678402408056456
0.005367878222718097,0.01999592413609906,0.0010922604993765389,0.004482065238889964,0.0006563133401825598,0.00047613093808813865,0.8881289120960885,0.06518623422722715,0.0012080761797392658,0.0015315612108838799,0.011874643910706917
0.03433090779241863,0.04080951006491294,0.049415004510036824,0.07699930807904677,0.023106632216249333,0.4213060209481957,0.010904064258253977,0.010536137021471196,0.2633429819673463,0.014234527829225347,0.05501490531284297
0.03855730646059687,0.009033912807513094,0.8445314328496293,0.01603747923707349,0.002112640288021171,0.026420690135569736,0.007878453612818078,0.0031567181763634293,0.036682184255344766,0.0002810710298399951,0.01530811114723008
0.00979212549293706,0.0021528726406605967,0.10257206542820788,0.037995289539373436,0.0045078650493100775,0.7247860957815425,0.0007535610595252402,0.0020917619160483315,0.09957816842785555,0.0019880972321187494,0.013782097432420351
0.03996944698088253,0.07979886815887124,0.0033280940000103175,0.0030510290409090156,0.0008727104555413087,0.00017401625931267253,0.7801570563334947,0.07406577682409264,0.0015213409253099404,0.0016377956156918548,0.015423865405883424
0.009553837664207815,0.00987158645470588,0.00031309147639207297,0.006139875051865534,0.17050341563735205,0.0015368000330062575,0.003562940977071878,0.0017595244053541345,0.0021900298539659097,0.7753600344170238,0.019208864029054654
0.005292963541116286,0.9525654185398638,0.007258925945248263,0.0046015883362796935,0.003652675035502189,0.0007694028196381707,0.008120886533227177,0.00838731390458938,0.002811852435666934,0.0028436361000482527,0.0036953368088196237
0.020808478646469595,0.756140594109841,0.023294343948814605,0.003145895973344448,0.006839890476080407,0.014038875775760214,0.03326773041185723,0.08686444181264824,0.01090132770776185,0.009019570306872244,0.03567885083055014
0.16457138837917273,0.05473681670917043,0.38907382114873323,0.008983985413528489,0.019071949349127527,0.22595610686109602,0.013048838157264707,0.029515005496906537,0.025122942122130787,0.01758039376363379,0.052338752599235816
0.08352697425843537,0.03233083873793602,0.004777661682163231,0.006555256623972162,0.006737093078959765,0.003624243644602058,0.04559434787741556,0.03792650084493526,0.03153807037974329,0.017937050604955176,0.7294519622668821
0.009693713088885267,0.000710092844182888,0.0016282993676269308,0.0024751504673470185,0.8052067177441905,0.0015138136913540499,0.00034847989167233927,0.0005453135837740406,0.00153038961893969,0.16982668515647825,0.006521344545549192
0.7796896665500649,0.010648647009788011,0.038822335587521406,0.005323487719648915,0.02568142766811407,0.010390399560060557,0.02379800497344605,0.00568914730681658,0.04331422565125273,0.0087120109532922,0.04793064701999465
0.04825721231256469,0.012506997349543207,0.010205582613306627,0.008376740619599294,0.002893422790526912,0.020186520338757532,0.013671302767109577,0.00549269118311177,0.8723546482355456,0.0015300131003242927,0.004524868689610463
