eval_accuracy = 0.6557136651926301
eval_loss = 1.4022174054718206
f1 = 0.6533939607796383
global_step = 4566.4
loss = 0.5739428531215484
precision = 0.6536060417092969
recall = 0.6531820174366239
