eval_accuracy = 0.6506276150627615
eval_loss = 1.3766485456392854
f1 = 0.6443969771534656
global_step = 4576
loss = 0.5778981697569777
precision = 0.6506474319746333
recall = 0.6428803230622144
