eval_accuracy = 0.6568475452196383
eval_loss = 1.3670407451135067
f1 = 0.6541584665480259
global_step = 4568
loss = 0.5629690182957987
precision = 0.6568042391119828
recall = 0.6573058499636266
