eval_accuracy = 0.6388194097048524
eval_loss = 1.519294955253601
f1 = 0.631510060488262
global_step = 4552
loss = 0.5688022057638751
precision = 0.6319293866057066
recall = 0.6368177155569029
