eval_accuracy = 0.693001060445387
eval_loss = 1.270616758172795
f1 = 0.6917502666359144
global_step = 4580
loss = 0.5816956279709871
precision = 0.6942632624153888
recall = 0.6943246011438019
