eval_accuracy = 0.6685773840541949
eval_loss = 1.306415040170153
f1 = 0.6563733734149227
global_step = 4572
loss = 0.5902678773967405
precision = 0.657991277139596
recall = 0.6583515477574392
