eval_accuracy = 0.6331856228458888
eval_loss = 1.5419568242285195
f1 = 0.6256812830102173
global_step = 4544
loss = 0.5641036256098412
precision = 0.6281616939461986
recall = 0.6309196900074657
