eval_accuracy = 0.654639175257732
eval_loss = 1.413721750793143
f1 = 0.6516051708383623
global_step = 4568
loss = 0.5809864117886264
precision = 0.6571594474635241
recall = 0.6523597343000922
