eval_accuracy = 0.6607792207792208
eval_loss = 1.3910025145503
f1 = 0.6559132034019585
global_step = 4572
loss = 0.5761234195461319
precision = 0.6601710719424684
recall = 0.6588825683577337
