eval_accuracy = 0.6483241620810405
eval_loss = 1.4321698996275662
f1 = 0.6430299265960157
global_step = 4552
loss = 0.5743196064799448
precision = 0.6456556288686085
recall = 0.6460195516765151
