eval_accuracy = 0.6523354564755839
eval_loss = 1.4033070211693393
f1 = 0.6496975716240665
global_step = 4580
loss = 0.5622625686065599
precision = 0.6532769776248626
recall = 0.6539585925404465
