eval_accuracy = 0.7185324392567805
eval_loss = 1.5437931562559675
f1 = 0.717000868855673
global_step = 3801.528
loss = 0.8829591733571462
precision = 0.7185135041186704
recall = 0.7154945890992711
