eval_accuracy = 0.6903499469777307
eval_loss = 1.2598833180332587
f1 = 0.6893089965017035
global_step = 3435
loss = 0.8114669469116036
precision = 0.6949940816037874
recall = 0.6909186544130596
