eval_accuracy = 0.6644085461177697
eval_loss = 1.318069126456976
f1 = 0.6535383697041975
global_step = 3429
loss = 0.8163689515982817
precision = 0.6614910556302569
recall = 0.6534459915390746
