eval_accuracy = 0.6406581740976646
eval_loss = 1.4092941889065806
f1 = 0.6388342932497987
global_step = 3435
loss = 0.8101477329907979
precision = 0.6429579219259536
recall = 0.6431864108892968
