eval_accuracy = 0.6493506493506493
eval_loss = 1.4013693202827977
f1 = 0.6461965975986466
global_step = 3429
loss = 0.7787444787988095
precision = 0.6542039379703499
recall = 0.6469706166793415
