eval_accuracy = 0.6317085179714427
eval_loss = 1.4935289532180847
f1 = 0.6251875482311754
global_step = 3408
loss = 0.7813498062855551
precision = 0.627015223755714
recall = 0.6300136345483259
