eval_accuracy = 0.6358179089544772
eval_loss = 1.414580786436796
f1 = 0.6289533807495753
global_step = 3414
loss = 0.783177686426363
precision = 0.6344894285199221
recall = 0.6321311029210868
