eval_accuracy = 0.6520618556701031
eval_loss = 1.382152217528457
f1 = 0.6478375544889236
global_step = 3426
loss = 0.7865093893219836
precision = 0.6551487605712026
recall = 0.6488406605225266
