eval_accuracy = 0.6268134067033517
eval_loss = 1.488201474905014
f1 = 0.6194479431336134
global_step = 3414
loss = 0.7738897069922022
precision = 0.6236953481222314
recall = 0.6234309273845525
