eval_accuracy = 0.6459205020920502
eval_loss = 1.3683408038636131
f1 = 0.6393742613989588
global_step = 3432
loss = 0.8054559190946442
precision = 0.6434262458276716
recall = 0.6393848764779412
