eval_accuracy = 0.6361757105943152
eval_loss = 1.3726262631248836
f1 = 0.6331172539485355
global_step = 3426
loss = 0.8074765289414367
precision = 0.6356726277726449
recall = 0.6375743237173274
